4150000,1137.44,123.151,9.23619
4160000,1183.45,112.041,10.5627
4170000,1261.17,107.472,11.7348
4180000,1251.78,107.117,11.6861
4190000,1247.84,107.32,11.6273
4200000,1255.9,196.202,6.40107
4210000,1240.82,187.206,6.62808
4220000,1247.23,186.234,6.69711
4230000,1294.86,196.086,6.60352
4240000,1257.97,196.633,6.39757
4250000,1318.61,187.901,7.01759
4260000,1271.39,188.27,6.75302
4270000,1277.95,185.396,6.89309
4280000,1258.93,185.243,6.79612
4290000,1270.3,185.09,6.86313
4300000,1286.46,195.814,6.56983
4310000,1288.51,197.72,6.51685
4320000,1299.2,199.119,6.52475
4330000,1312.53,198.023,6.62818
4340000,1330.76,195.865,6.79427
4350000,1338.1,190.032,7.04146
4360000,1315.43,186.643,7.04786
4370000,1318.06,190.222,6.92909
4380000,1324.92,187.195,7.07775
4390000,1317.02,187.232,7.03415
4400000,1315.57,188.224,6.98937
4410000,1338.16,189.262,7.07038
4420000,1337.55,196.586,6.80389
4430000,1355.32,189.497,7.15222
4440000,1372.28,188.85,7.26653
4450000,1358.36,198.815,6.83226
4460000,1336.47,194.361,6.87622
4470000,1366.18,187.974,7.26791
4480000,1364.21,191.382,7.12819
4490000,1353.71,196.002,6.9066
4500000,1380.68,190.387,7.25197
4510000,1377.56,199.322,6.91121
4520000,1381.3,190.993,7.23219
4530000,1378.84,188.894,7.29956
4540000,1354.53,188.679,7.17901
4550000,1383.58,191.039,7.24241
4560000,1400.3,193.548,7.2349
4570000,1384.27,190.772,7.25614
4580000,1393.21,198.038,7.03504
4590000,1386.37,190.771,7.26721
4600000,1391.2,204.067,6.81737
4610000,1425.19,192.342,7.40965
4620000,1416.87,191.539,7.39727
4630000,1405.98,199.798,7.03701
4640000,1391.24,191.775,7.25454
4650000,1391.05,199.098,6.98679
4660000,1393.29,194.499,7.16348
4670000,1424.04,200.235,7.11183
4680000,1441.97,196.72,7.33005
4690000,1439.83,191.209,7.53015
4700000,1427.59,192.774,7.40552
4710000,1444.95,197.154,7.32903
4720000,1440.33,196.742,7.3209
4730000,1443.3,191.218,7.54791
4740000,1460.25,191.749,7.61543
4750000,1424.88,190.616,7.47516
4760000,1438.61,197.258,7.29302
4770000,1434.04,191.925,7.47186
4780000,1443.88,192.196,7.51253
4790000,1477.34,192.314,7.68194
4800000,1479.02,193.039,7.66178
4810000,1461.45,196.679,7.43064
4820000,1466.66,201.439,7.2809
4830000,1457.04,199.631,7.29868
4840000,1480.73,196.621,7.53088
4850000,1453.28,197.963,7.34119
4860000,1476.48,197.597,7.47216
4870000,1448.4,193.89,7.47023
4880000,1472.12,193.367,7.61309
4890000,1459.92,193.603,7.54079
4900000,1472.22,193.41,7.61193
4910000,1491.02,193.517,7.70487
4920000,1471.94,194.662,7.56153
4930000,1478.94,194.208,7.61525
4940000,1471.37,193.042,7.62204
4950000,1492.21,197.941,7.53868
4960000,1492.45,196.186,7.60733
4970000,1496.5,192.329,7.78096
4980000,1509.82,194.881,7.74738
4990000,1505.78,194.637,7.73636
5000000,1505.64,193.912,7.76457
5010000,1495.17,194.211,7.69867
5020000,1507.02,192.366,7.83414
5030000,1488.65,193.738,7.68383
5040000,1517.56,193.044,7.86121
5050000,1507.81,202.196,7.45719
5060000,1524.85,196.306,7.76773
5070000,1532.95,194.602,7.87737
5080000,1524.06,192.953,7.89861
5090000,1533.39,205.156,7.47425
5100000,1539.65,196.496,7.83552
5110000,1514.88,193.382,7.8336
5120000,1538.18,193.61,7.94474
5130000,1562.89,205.505,7.6051
5140000,1547.25,195.55,7.91229
5150000,1530.56,207.773,7.36647
5160000,1555.36,199.073,7.81302
5170000,1555.18,197.875,7.85939
5180000,1563.14,203.776,7.67088
5190000,1552.91,197.092,7.87912
5200000,1565.78,201.372,7.77555
5210000,1559.85,197.316,7.90534
5220000,1605.62,203.16,7.90323
5230000,1603.89,205.392,7.80893
5240000,1585.11,197.289,8.03445
5250000,1579.41,206.376,7.65305
5260000,1615.92,203.932,7.9238
5270000,1601.41,200.728,7.97803
5280000,1573.99,205.365,7.66435
5290000,1576.37,197.225,7.99274
5300000,1582.65,203.429,7.77989
5310000,1598.71,203.727,7.84732
5320000,1603.99,199.141,8.05457
5330000,1580.13,204.286,7.73492
5340000,1581.32,201.419,7.8509
5350000,1576.81,203.492,7.74873
5360000,1599.19,203.76,7.84842
5370000,1609.93,202.867,7.93588
5380000,1624.29,204.257,7.95219
5390000,1601.82,203.078,7.88771
5400000,1608.65,204.042,7.88391
5410000,1599.36,198.208,8.0691
5420000,1615.21,205.206,7.87118
5430000,1597.36,207.882,7.68396
5440000,1610.97,211.094,7.63153
5450000,1628.1,210.775,7.72437
5460000,1608.24,211.163,7.61609
5470000,1634.74,211.704,7.72181
5480000,1620.53,211.029,7.67918
5490000,1627.32,211.522,7.69337
5500000,1643.68,211.677,7.76503
5510000,1616.24,210.307,7.68514
5520000,1602.11,208.72,7.67588
5530000,1634.26,211.534,7.72573
5540000,1648.87,211.623,7.79153
5550000,1659.58,211.59,7.84339
5560000,1690.99,215.062,7.86281
5570000,1667.41,212.405,7.85017
5580000,1669.18,213.5,7.81818
5590000,1687.8,213.755,7.89597
5600000,1697.32,215.23,7.88608
5610000,1693.43,213.337,7.93782
5620000,1659.71,214.509,7.73727
5630000,1692.15,215.25,7.86134
5640000,1702.59,215.642,7.89546
5650000,1693.41,213.348,7.93729
5660000,1687.78,212.549,7.94065
5670000,1689.14,213.6,7.90794
5680000,1737.96,211.749,8.20765
5690000,1681.15,212.574,7.90855
5700000,1675.1,213.421,7.84879
5710000,1678.18,213.366,7.86526
5720000,1703.08,214.993,7.92155
5730000,1682,214.593,7.8381
5740000,1698.27,213.54,7.95295
5750000,1705.17,214.102,7.96431
5760000,1705.74,215.062,7.93137
5770000,1699.89,214.014,7.94287
5780000,1706.95,212.835,8.02007
5790000,1697.34,214.445,7.91504
5800000,1708.27,213.91,7.98591
5810000,1709.34,213.993,7.98784
5820000,1696.37,214.037,7.92561
5830000,1718.33,212.836,8.07347
5840000,1724.73,215.695,7.99616
5850000,1716.9,215.184,7.97877
5860000,1721.19,213.155,8.07482
5870000,1695.82,214,7.9244
5880000,1753.19,216.143,8.11125
5890000,1715.23,215.668,7.95311
5900000,1751.29,214.152,8.17781
5910000,1707.83,215.922,7.90946
5920000,1727.49,217.616,7.93825
5930000,1740.51,214.957,8.09703
5940000,1725.33,214.285,8.05158
5950000,1738.18,215.01,8.08418
5960000,1728.64,214.668,8.05262
5970000,1752.23,214.136,8.18279
5980000,1732.96,217.048,7.98425
5990000,1709.13,213.737,7.99642
6000000,1718.49,214.028,8.02925
6010000,1752.94,216.007,8.11519
6020000,1784.71,216.315,8.25051
6030000,1799.62,216.354,8.31796
6040000,1777.68,221.947,8.00948
6050000,1801.44,215.567,8.35676
6060000,1772.63,215.705,8.21784
6070000,1784.86,216.25,8.25371
6080000,1791.67,214.755,8.34285
6090000,1776.55,217.017,8.18623
6100000,1786.24,215.97,8.27079
6110000,1780.71,216.906,8.20959
6120000,1765.92,217.51,8.11879
6130000,1779.01,216.384,8.22153
6140000,1823.12,216.659,8.41469
6150000,1774.97,215.292,8.24448
6160000,1809.74,216.015,8.37786
6170000,1794.2,215.921,8.30952
6180000,1801.45,216.927,8.30442
6190000,1816.91,216.511,8.39177
6200000,1812.01,217.72,8.32264
6210000,1794.61,219.029,8.19346
6220000,1815.21,220.216,8.24287
6230000,1856.67,217.782,8.52535
6240000,1850.94,217.306,8.51767
6250000,1849.91,216.499,8.54465
6260000,1823.86,215.95,8.44574
6270000,1799.87,220.296,8.17026
6280000,1821.17,217.054,8.39039
6290000,1844.86,217.867,8.46782
6300000,1849.78,217.76,8.49459
6310000,1816.51,215.948,8.4118
6320000,1858.66,217.729,8.5366
6330000,1844.66,217.142,8.49517
6340000,1842.18,215.571,8.54556
6350000,1828.1,217.354,8.41069
6360000,1838.83,217.311,8.46174
6370000,1843.06,218.25,8.44474
6380000,1871,218.257,8.57246
6390000,1875.47,216.738,8.65316
6400000,1881.77,218.22,8.62329
6410000,1901.65,219.121,8.67855
6420000,1900.07,216.78,8.76498
6430000,1861.17,218.586,8.51461
6440000,1859.88,218.126,8.52661
6450000,1873.41,218.011,8.59318
6460000,1918.94,218.912,8.76581
6470000,1874.2,219.28,8.54705
6480000,1867.7,217.595,8.5834
6490000,1882.08,217.803,8.6412
6500000,1900.37,219.723,8.64895
6510000,1897.84,219.152,8.65994
6520000,1910.79,219.35,8.71116
6530000,1902.38,217.654,8.74037
6540000,1888.03,217.7,8.67264
6550000,1922.71,219.021,8.77865
6560000,1907.14,218.995,8.70862
6570000,1916.78,218.474,8.77351
6580000,1895.04,220.317,8.60141
6590000,1911.14,221.789,8.61695
6600000,1925.25,221.295,8.69995
6610000,1928.11,229.016,8.41913
6620000,1919.27,218.829,8.77062
6630000,1932.03,220.758,8.75181
6640000,1942.13,219.675,8.84094
6650000,1931.75,219.401,8.80465
6660000,1911.5,218.92,8.73152
6670000,1936.4,220.47,8.78305
6680000,1942.45,218.692,8.88213
6690000,1957.36,221.654,8.83072
6700000,1953.59,222.887,8.76493
6710000,1945.18,218.964,8.88357
6720000,1951.74,218.738,8.92273
6730000,2004.7,219.966,9.11367
6740000,1972.18,220.9,8.92794
6750000,1965,221.393,8.87562
6760000,1988.82,221.644,8.97304
6770000,1992.43,220.425,9.03905
6780000,1952.86,219.213,8.90849
6790000,1982.21,222.133,8.92352
6800000,1977.88,221.028,8.94856
6810000,1975.26,220.368,8.96346
6820000,2004.87,222.259,9.0204
6830000,1988.81,220.078,9.03684
6840000,1996.02,221.018,9.03103
6850000,1983.24,221.311,8.96133
6860000,2032.91,220.828,9.20586
6870000,1998.27,220.581,9.05913
6880000,1996.1,221.263,9.0214
6890000,2024.74,224.226,9.02989
6900000,2019.22,222.403,9.0791
6910000,2032.2,222.2,9.1458
6920000,2014.17,226.783,8.88149
6930000,2035.06,224.085,9.08163
6940000,2032.12,222.789,9.12126
6950000,2053.49,222.955,9.21032
6960000,2129.21,225.887,9.426
6970000,2089.86,225.491,9.26803
6980000,2082.25,225.94,9.21595
6990000,2084.19,223.095,9.34215
7000000,2057.06,224.057,9.18096
7010000,2059.12,221.923,9.27854
7020000,2057.12,223.617,9.19928
7030000,2054.68,223.721,9.18413
7040000,2064.47,223.434,9.23972
7050000,2055.55,222.979,9.21859
7060000,2083.37,224.592,9.27624
7070000,2112.49,225.449,9.37016
7080000,2096.26,224.563,9.33483
7090000,2102.64,224.019,9.38599
7100000,2088.27,228.441,9.14138
7110000,2100.43,222.987,9.41953
7120000,2090.37,224.409,9.31498
7130000,2089.74,224.261,9.31833
7140000,2107.97,226.251,9.31695
7150000,2085.72,224.794,9.27835
7160000,2121.91,224.384,9.45659
7170000,2128.81,224.913,9.46505
7180000,2102.98,222.925,9.43357
7190000,2105.29,223.619,9.41462
7200000,2103.46,225.55,9.32591
7210000,2094.41,223.684,9.36328
7220000,2117.68,225.394,9.39545
7230000,2141.19,225.564,9.49261
7240000,2121.57,224.742,9.44004
7250000,2108.55,226.333,9.31613
7260000,2142.6,226.156,9.47401
7270000,2136.67,225.491,9.47562
7280000,2135.68,224.1,9.53005
7290000,2141.89,224.359,9.5467
7300000,2144.22,230.651,9.29639
7310000,2159.38,225.54,9.57427
7320000,2139.46,226.052,9.46445
7330000,2153.82,226.637,9.50339
7340000,2150.2,225.059,9.55392
7350000,2175.6,223.813,9.7206
7360000,2150.69,229.253,9.38129
7370000,2171.23,226.553,9.58375
7380000,2180.57,226.331,9.63445
7390000,2199.17,227.298,9.67529
7400000,2228.69,226.703,9.83088
7410000,2211.01,227.827,9.70479
7420000,2176.92,226.473,9.61226
7430000,2152.14,225.404,9.5479
7440000,2167.4,229.945,9.42571
7450000,2183.88,226.196,9.6548
7460000,2192.84,232.367,9.43696
7470000,2184.96,227.592,9.60035
7480000,2193.88,230.49,9.51834
7490000,2204.57,225.608,9.77169
7500000,2245.97,227.176,9.88649
7510000,2213.14,228.978,9.66529
7520000,2188.03,228.154,9.59015
7530000,2220.08,226.4,9.806
7540000,2209.91,229.286,9.63823
7550000,2211.36,227.466,9.72172
7560000,2193.17,229.672,9.54913
7570000,2227.02,226.693,9.82396
7580000,2280.33,227.155,10.0387
7590000,2214.31,226.693,9.7679
7600000,2255.71,227.602,9.91075
7610000,2246.09,227.922,9.85463
7620000,2238.46,227.5,9.83938
7630000,2268.23,227.642,9.96404
7640000,2263.6,229.284,9.87246
7650000,2238.72,227.115,9.8572
7660000,2239.58,227.911,9.82654
7670000,2246.92,226.246,9.93131
7680000,2235.73,229.686,9.73386
7690000,2285.74,227.602,10.0427
7700000,2290.34,229.523,9.97868
7710000,2276.46,228.262,9.973
7720000,2279.45,228.009,9.99719
7730000,2257.39,227.039,9.94275
7740000,2269.34,229.23,9.89982
7750000,2250.42,228.393,9.8533
7760000,2296.15,227.461,10.0947
7770000,2271.97,227.468,9.9881
7780000,2278.83,230.008,9.9076
7790000,2267.9,228.95,9.90565
7800000,2297.22,229.106,10.0269
7810000,2313.28,230.887,10.0191
7820000,2284.39,228.343,10.0042
7830000,2287.91,229.908,9.95143
7840000,2303.1,231.94,9.92974
7850000,2323.64,229.761,10.1133
7860000,2300.13,228.991,10.0446
7870000,2306.91,228.721,10.0861
7880000,2301.46,229.521,10.0272
7890000,2298.13,229.472,10.0149
7900000,2309.26,229.023,10.0831
7910000,2317.06,231.018,10.0298
7920000,2351.89,230.834,10.1887
7930000,2332.12,231.265,10.0842
7940000,2338.92,231.166,10.1179
7950000,2341.51,229.139,10.2187
7960000,2337.44,230.476,10.1418
7970000,2324.53,229.09,10.1468
7980000,2403.17,232.315,10.3444
7990000,2406.18,231.77,10.3817
8000000,2408.2,230.958,10.427
8010000,2382.03,233.207,10.2142
8020000,2378.15,234.84,10.1267
8030000,2403.87,231.825,10.3693
8040000,2376.38,230.934,10.2903
8050000,2355.51,231.47,10.1763
8060000,2339.38,232.604,10.0573
8070000,2356.9,230.693,10.2166
8080000,2427.17,232.494,10.4397
8090000,2458.04,231.9,10.5996
8100000,2480.82,233.085,10.6434
8110000,2364.29,232.389,10.1738
8120000,2370.55,230.633,10.2785
8130000,2422.03,231.922,10.4433
8140000,2416.87,231.058,10.46
8150000,2431.59,233.102,10.4314
8160000,2422.11,231.36,10.469
8170000,2419.02,230.967,10.4734
8180000,2376.15,230.933,10.2894
8190000,2396.85,230.923,10.3794
8200000,2384.32,231.533,10.298
8210000,2409.4,230.906,10.4345
8220000,2361.93,232.75,10.1479
8230000,2397.86,231.716,10.3483
8240000,2382.16,231.43,10.2932
8250000,2425.17,233.215,10.3989
8260000,2447.25,235.077,10.4104
8270000,2456.99,232.421,10.5713
8280000,2453,234.175,10.4751
8290000,2455.02,233.466,10.5156
8300000,2439.31,233.521,10.4458
8310000,2414.85,232.459,10.3883
8320000,2422.85,232.918,10.4022
8330000,2448.7,232.338,10.5394
8340000,2421.35,232.439,10.4172
8350000,2453.98,232.485,10.5555
8360000,2422.62,233.443,10.3778
8370000,2426.84,232.651,10.4313
8380000,2434.76,233.859,10.4113
8390000,2450.69,412.068,5.9473
8400000,2440.35,408.567,5.97295
8410000,2453.32,405.4,6.05162
8420000,2468.61,414.401,5.95706
8430000,2456.15,412.934,5.94804
8440000,2472.63,410.404,6.02487
8450000,2463.03,414.779,5.93818
8460000,2497.56,405.612,6.15752
8470000,2467.53,415.119,5.94415
8480000,2482.32,405.359,6.12375
8490000,2476.77,414.085,5.98131
8500000,2476.89,411.176,6.02391
8510000,2491.68,413.79,6.0216
8520000,2497.15,407.414,6.12926
8530000,2525.38,415.425,6.07902
8540000,2522.82,417.557,6.04186
8550000,2558.67,412.551,6.20207
8560000,2546.43,404.69,6.29229
8570000,2480.67,416.645,5.95393
8580000,2535.51,418.004,6.06577
8590000,2557.06,411.49,6.21416
8600000,2507.43,408.863,6.1327
8610000,2497.55,413.158,6.04503
8620000,2504.82,405.663,6.17464
8630000,2503.48,413.683,6.05169
8640000,2531.52,413.197,6.12667
8650000,2537.94,409.968,6.19058
8660000,2548.52,409.824,6.21856
8670000,2552.04,414.931,6.15052
8680000,2530.14,415.474,6.08976
8690000,2566.58,415.956,6.17033
8700000,2513.3,407.57,6.16656
8710000,2535.43,412.179,6.15128
8720000,2520.09,419.057,6.01373
8730000,2547.25,416.556,6.11501
8740000,2553.61,411.282,6.20889
8750000,2573.71,412.299,6.24234
8760000,2554.45,409.179,6.24287
8770000,2558.82,409.252,6.25243
8780000,2600.51,407.407,6.38308
8790000,2614.81,413.501,6.32359
8800000,2597.62,418.612,6.20532
8810000,2606.34,419.382,6.21473
8820000,2598.51,415.824,6.24905
8830000,2578.89,416.849,6.18663
8840000,2602.06,411.446,6.32417
8850000,2580.22,411.978,6.263
8860000,2589.31,412.817,6.27229
8870000,2603,409.14,6.36213
8880000,2589.04,408.649,6.33561
8890000,2607.43,408.268,6.38658
8900000,2584.76,409.812,6.30719
8910000,2619.58,418.007,6.26684
8920000,2615.84,419.307,6.23849
8930000,2599.69,419.386,6.1988
8940000,2603.28,410.737,6.33807
8950000,2612.36,412.121,6.33883
8960000,2628.6,420.263,6.25465
8970000,2637.67,416.049,6.33981
8980000,2605.07,410.784,6.34171
8990000,2612.68,410.03,6.37193
9000000,2613.11,412.16,6.34005
9010000,2640.01,418.188,6.31298
9020000,2638.09,411.493,6.41101
9030000,2675.49,419.067,6.38439
9040000,2682.3,411.897,6.51206
9050000,2692.01,424.677,6.33896
9060000,2715.08,421.113,6.44739
9070000,2663.45,415.244,6.41419
9080000,2653.57,410.59,6.46283
9090000,2651.34,419.146,6.32558
9100000,2648.69,409.402,6.46965
9110000,2642.88,419.304,6.30302
9120000,2679.49,412.478,6.49608
9130000,2699.44,421.016,6.41174
9140000,2711.78,429.524,6.31346
9150000,2758.19,426.157,6.47224
9160000,2721.94,412.317,6.60158
9170000,2700.44,417.001,6.47586
9180000,2718.24,419.682,6.47689
9190000,2710.65,425.325,6.37312
9200000,2715.47,412.941,6.57594
9210000,2705.87,414.96,6.5208
9220000,2712.77,422.372,6.42271
9230000,2725.9,420.953,6.47555
9240000,2713.25,412.408,6.57905
9250000,2678.84,420.071,6.37712
9260000,2677.45,418.395,6.39934
9270000,2697.86,412.587,6.5389
9280000,2734.23,417.897,6.54283
9290000,2738.94,419.775,6.52478
9300000,2789.21,423.635,6.584
9310000,2700.46,421.362,6.40889
9320000,2720.83,423.128,6.43027
9330000,2729.3,411.9,6.62612
9340000,2729.57,412.963,6.60971
9350000,2706.96,419.93,6.44623
9360000,2739.7,421.073,6.50648
9370000,2734.57,422.477,6.47272
9380000,2737.21,424.208,6.45251
9390000,2747.43,420.308,6.53671
9400000,2721.81,413.516,6.58212
9410000,2734.73,412.491,6.6298
9420000,2747.6,413.749,6.64073
9430000,2752.99,417.779,6.58958
9440000,2769.67,415.525,6.66546
9450000,2761.53,415.764,6.64205
9460000,2753.18,419.186,6.56791
9470000,2760.72,415.255,6.64824
9480000,2774.16,416.842,6.65519
9490000,2753.56,416.093,6.61766
9500000,2787.02,420.702,6.62469
9510000,2831.5,426.239,6.64298
9520000,2825.45,418.78,6.74687
9530000,2809.73,416.01,6.75399
9540000,2818.73,423.158,6.66118
9550000,2794.04,424.702,6.57883
9560000,2809.24,417.411,6.73017
9570000,2800.3,417.453,6.70807
9580000,2805.19,424.724,6.60475
9590000,2791.07,424.267,6.57856
9600000,2794.89,421.291,6.63411
9610000,2825.99,414.915,6.811
9620000,2814.04,423.49,6.64487
9630000,2811.72,421.066,6.67762
9640000,2813.95,414.525,6.78836
9650000,2813.98,426.273,6.60137
9660000,2843.16,418.415,6.79508
9670000,2812.79,416.18,6.75858
9680000,2848.68,424.074,6.71741
9690000,2840.28,416.085,6.8262
9700000,2832.94,423.684,6.68644
9710000,2849.73,416.955,6.83462
9720000,2857.8,425.395,6.71798
9730000,2852.87,417.433,6.83432
9740000,2872.01,429.717,6.6835
9750000,2889.47,426.364,6.777
9760000,2907.95,418.273,6.95228
9770000,2881.43,420.675,6.84953
9780000,2856.01,426.285,6.69976
9790000,2871.47,419.524,6.84459
9800000,2859.13,425.663,6.71688
9810000,2878.64,423.586,6.79587
9820000,2869.47,420.538,6.82333
9830000,2861.96,430.682,6.64517
9840000,2884.62,417.481,6.90958
9850000,2897.21,420.834,6.88446
9860000,2877.77,425.871,6.75737
9870000,2899.23,422.767,6.85775
9880000,2897.75,418.682,6.92112
9890000,2910.83,422.148,6.89528
9900000,2892.47,426.243,6.78595
9910000,2886.06,426.14,6.77257
9920000,2953.68,426.324,6.92824
9930000,2903.59,419.792,6.91675
9940000,2933.61,419.543,6.9924
9950000,2921.49,427.319,6.83678
9960000,2921.57,420.382,6.9498
9970000,2958.62,418.882,7.06314
9980000,2967.58,422.119,7.03021
9990000,2961.97,422.897,7.004
10000000,2922.31,422.01,6.92474
10010000,2927.24,424.961,6.88827
10020000,2938.1,422.902,6.94748
10030000,2984.29,429.034,6.95584
10040000,3007.02,425.74,7.06304
10050000,3000.77,420.323,7.1392
10060000,2963.37,427.314,6.93489
10070000,2994.58,429.922,6.9654
10080000,2992.14,422.834,7.07639
10090000,2977.46,420.368,7.08298
10100000,2972.92,421.761,7.04883
10110000,2956.84,424.912,6.95871
10120000,2958.42,427.772,6.91587
10130000,2969.93,430.58,6.8975
10140000,2978.44,423.9,7.02627
10150000,2980.42,421.492,7.07111
10160000,2980.4,424.055,7.02832
10170000,3051.92,424.205,7.19445
10180000,2996.19,421.614,7.10648
10190000,3023.93,430.137,7.03015
10200000,3031.16,423.469,7.15792
10210000,3070.15,429.378,7.15022
10220000,3009.67,420.215,7.16222
10230000,2996.54,429.926,6.96989
10240000,3005.55,426.756,7.04279
10250000,3001.36,431.07,6.96257
10260000,3009.85,429.297,7.01113
10270000,3009.62,421.916,7.13323
10280000,2984.58,427.242,6.98569
10290000,3003.34,429.49,6.99281
10300000,3028.4,420.644,7.19944
10310000,3030.65,430.069,7.04689
10320000,3023.66,425.891,7.0996
10330000,3008.57,433.289,6.94356
10340000,3081.14,426.703,7.22082
10350000,3056.38,425.005,7.19141
10360000,3099.73,428.519,7.23359
10370000,3042,430.169,7.07164
10380000,3037.41,426.99,7.11355
10390000,3054.51,429.038,7.11945
10400000,3066.48,427.465,7.17364
10410000,3142.29,432.941,7.25802
10420000,3128.69,432.837,7.22834
10430000,3091.3,428.49,7.21441
10440000,3093.28,424.946,7.27923
10450000,3078.99,425.856,7.23013
10460000,3071.5,430.645,7.13234
10470000,3055.18,429.52,7.11301
10480000,3073.11,422.8,7.26847
10490000,3062.03,430.536,7.11212
10500000,3098.36,432.891,7.15736
10510000,3090.11,433.973,7.12052
10520000,3070.58,424.793,7.22841
10530000,3076.62,427.32,7.19981
10540000,3095.72,428.161,7.23028
10550000,3100.98,430.625,7.20112
10560000,3110.12,432.747,7.18693
10570000,3079.62,433.545,7.10333
10580000,3114.56,432.876,7.19504
10590000,3096.4,425.043,7.28491
10600000,3091.72,426.798,7.24399
10610000,3109.3,426.757,7.28589
10620000,3149.71,425.71,7.39873
10630000,3148.33,426.685,7.37858
10640000,3155.83,432.628,7.29456
10650000,3118.44,432.485,7.21051
10660000,3150.56,442.427,7.1211
10670000,3106.84,433.923,7.15989
10680000,3130.26,434.873,7.19811
10690000,3133.1,433.69,7.22429
10700000,3131.26,433.15,7.22905
10710000,3137.99,430.216,7.294
10720000,3158.67,427.551,7.38783
10730000,3160.46,426.755,7.40581
10740000,3188.26,433.952,7.34703
10750000,3161.59,435.189,7.26487
10760000,3166.99,427.518,7.40786
10770000,3142.55,426.745,7.364
10780000,3166.73,433.454,7.30581
10790000,3166.45,438.542,7.2204
10800000,3152.26,431.972,7.29737
10810000,3211.86,428.311,7.49889
10820000,3193.17,434.794,7.3441
10830000,3224.49,433.759,7.43384
10840000,3251.32,434.264,7.48697
10850000,3286.68,436.533,7.52905
10860000,3237.37,438.167,7.38844
10870000,3256.52,431.5,7.54698
10880000,3200.64,435.151,7.35523
10890000,3199.84,427.351,7.48762
10900000,3238,434.691,7.44897
10910000,3197.1,431.325,7.41228
10920000,3194.8,437.119,7.30876
10930000,3228.02,432.13,7.47001
10940000,3211.39,435.165,7.37971
10950000,3217.98,428.124,7.51646
10960000,3231.32,436.548,7.40198
10970000,3253.98,437.119,7.44416
10980000,3217.2,429.339,7.49337
10990000,3243.92,433.57,7.48188
11000000,3251.53,438.649,7.41261
11010000,3236.37,431.088,7.50744
11020000,3241.66,435.443,7.44451
11030000,3271.03,438.45,7.46044
11040000,3307.21,439.551,7.52406
11050000,3294.46,440.5,7.47892
11060000,3263.61,436.966,7.46878
11070000,3241.47,430.814,7.52406
11080000,3259,432.955,7.52733
11090000,3280.6,435.872,7.52653
11100000,3252.87,440.668,7.38168
11110000,3254.78,432.636,7.52314
11120000,3254.6,436.427,7.45738
11130000,3266.52,435.159,7.5065
11140000,3307.64,437.211,7.56532
11150000,3339.73,433.137,7.71056
11160000,3305.75,432.84,7.63735
11170000,3303.89,433.278,7.62534
11180000,3318.75,432.957,7.66531
11190000,3304.13,431.787,7.65222
11200000,3304.18,432.066,7.64739
11210000,3312.1,432.854,7.65178
11220000,3296.62,431.706,7.63627
11230000,3326.62,436.287,7.62484
11240000,3355.76,439.617,7.63336
11250000,3327.06,437.14,7.61096
11260000,3302.71,439.523,7.51431
11270000,3329.18,432.892,7.69054
11280000,3331.49,439.657,7.57748
11290000,3344.96,436.93,7.65561
11300000,3322.59,440.302,7.54617
11310000,3328,444.58,7.48571
11320000,3350.67,439.012,7.63229
11330000,3357.72,435.093,7.71726
11340000,3321.57,439.109,7.56434
11350000,3354.49,440.583,7.61375
11360000,3360.87,435.981,7.70876
11370000,3319.09,434.34,7.64168
11380000,3376.49,443.074,7.6206
11390000,3347.51,436.901,7.66194
11400000,3341.2,434.23,7.69454
11410000,3365.56,440.338,7.64312
11420000,3362.59,441.278,7.62012
11430000,3391.72,440.203,7.70491
11440000,3400.15,441.093,7.70847
11450000,3402.58,445.576,7.63637
11460000,3360.71,437.179,7.68727
11470000,3395.09,437.574,7.75889
11480000,3400.13,437.854,7.76545
11490000,3404.69,440.65,7.72652
11500000,3395.37,438.626,7.74093
11510000,3395.32,440.721,7.70402
11520000,3377.18,438.062,7.70936
11530000,3433.95,442.572,7.75908
11540000,3407.37,433.179,7.86597
11550000,3396.3,438.908,7.73807
11560000,3426.49,437.779,7.827
11570000,3427.28,435.379,7.87195
11580000,3433.24,440.908,7.78675
11590000,3415.72,439.106,7.7788
11600000,3409.44,436.616,7.80877
11610000,3428.14,442.287,7.75095
11620000,3494.96,442.388,7.90022
11630000,3488.93,440.66,7.91751
11640000,3485.54,443.389,7.86114
11650000,3443.43,443.87,7.75775
11660000,3448.22,442.659,7.7898
11670000,3462.87,437.162,7.92125
11680000,3423.82,436.723,7.83981
11690000,3438.68,439.333,7.82705
11700000,3440.7,447.847,7.68276
11710000,3448.79,440.117,7.83607
11720000,3431.84,436.358,7.86474
11730000,3465.61,438.178,7.90913
11740000,3485.29,441.412,7.89578
11750000,3442.08,440.599,7.81227
11760000,3493.4,442.182,7.90036
11770000,3499,438.472,7.97999
11780000,3466.55,439.321,7.89069
11790000,3457.71,442.874,7.80743
11800000,3516.79,439.264,8.0061
11810000,3471.29,442.883,7.83795
11820000,3532.88,438.306,8.06031
11830000,3516.48,438.248,8.02396
11840000,3512.37,444.758,7.89727
11850000,3497.56,444.829,7.8627
11860000,3485.88,443.479,7.86031
11870000,3487.22,445.809,7.82223
11880000,3538.2,442.14,8.00245
11890000,3545.72,439.125,8.07451
11900000,3511.64,444.566,7.89903
11910000,3531.97,445.338,7.931
11920000,3502.6,442.564,7.91433
11930000,3505.63,442.101,7.92948
11940000,3540.11,440.66,8.03365
11950000,3543.81,445.313,7.95802
11960000,3513.27,440.748,7.97116
11970000,3533.47,439.029,8.04838
11980000,3519.17,444.475,7.91758
11990000,3533.9,448.134,7.88581
12000000,3508.5,442.167,7.93478
12010000,3588.95,446.698,8.0344
12020000,3598.3,443.065,8.12137
12030000,3587.19,443.924,8.08065
12040000,3574.48,440.678,8.11132
12050000,3570.58,443.794,8.04558
12060000,3555.38,439.811,8.08389
12070000,3517.89,442.495,7.95012
12080000,3569.56,442.219,8.07193
12090000,3576.03,441.119,8.10673
12100000,3559.61,444.67,8.00506
12110000,3594.7,447.392,8.03478
12120000,3526.84,446.135,7.90533
12130000,3577.37,442.326,8.08763
12140000,3586.25,442.823,8.0986
12150000,3569.05,440.155,8.10862
12160000,3628.42,443.085,8.18899
12170000,3597.65,446.268,8.06164
12180000,3614.23,450.101,8.02983
12190000,3643.97,446.607,8.15924
12200000,3689.21,450.601,8.18731
12210000,3660.62,449.611,8.14175
12220000,3604.69,441.289,8.16854
12230000,3647.44,442.549,8.2419
12240000,3583.45,446.393,8.02758
12250000,3626.79,448.442,8.08754
12260000,3617.62,443.951,8.14871
12270000,3615.6,443.35,8.15518
12280000,3629.25,446.669,8.12514
12290000,3628.77,447.334,8.112
12300000,3633.62,446.477,8.13842
12310000,3632.15,443.639,8.18716
12320000,3652.11,442.238,8.25825
12330000,3649.08,441.92,8.25733
12340000,3638.4,447.985,8.12169
12350000,3714.35,444.193,8.36203
12360000,3694.6,445.989,8.28406
12370000,3691.05,452.08,8.1646
12380000,3683.73,450.229,8.1819
12390000,3701.91,446.917,8.2832
12400000,3689.32,443.945,8.31032
12410000,3661.11,445.407,8.21969
12420000,3661.24,445.238,8.22311
12430000,3651.14,445.706,8.19181
12440000,3701.54,444.467,8.32805
12450000,3653.68,447.984,8.15583
12460000,3671.62,444.099,8.26758
12470000,3732.43,450.007,8.29416
12480000,3680.65,448.568,8.20533
12490000,3689.3,447.278,8.24834
12500000,3683.92,447.816,8.22642
12510000,3709.71,443.558,8.36354
12520000,3676.36,443.725,8.28521
12530000,3718.38,451.274,8.23975
12540000,3721.26,449.049,8.28698
12550000,3674.94,448.833,8.18776
12560000,3750.82,446.55,8.39955
12570000,3746.36,453.796,8.25559
12580000,3759.28,454.851,8.26487
12590000,3800.23,445.919,8.52224
12600000,3744.17,448.636,8.34567
12610000,3731.18,444.693,8.39046
12620000,3723.99,443.771,8.39168
12630000,3706.33,449.107,8.25266
12640000,3762.19,445.89,8.43747
12650000,3722.05,444.142,8.38031
12660000,3755.22,448.416,8.37441
12670000,3755.49,445.852,8.42318
12680000,3764.69,445.952,8.44193
12690000,3766.73,447.78,8.41202
12700000,3769.66,444.083,8.48864
12710000,3766.68,448.879,8.3913
12720000,3782.31,442.887,8.54013
12730000,3769.37,449.671,8.38251
12740000,3823.65,451.666,8.46566
12750000,3823.99,452.564,8.44961
12760000,3776.75,445.634,8.47499
12770000,3773.95,449.187,8.40173
12780000,3827.96,450.911,8.4894
12790000,3776.37,446.836,8.45136
12800000,3808.58,445.475,8.54949
12810000,3800.28,449.142,8.4612
12820000,3803.64,452.865,8.39906
12830000,3782.22,444.379,8.51126
12840000,3802.02,449.854,8.45167
12850000,3811.12,450.094,8.46739
12860000,3812.98,454.497,8.38946
12870000,3847.8,451.447,8.52326
12880000,3814.6,453.871,8.4046
12890000,3793.45,445.507,8.5149
12900000,3792.81,449.519,8.43748
12910000,3870.06,448.043,8.6377
12920000,3864.27,448.869,8.60891
12930000,3891.51,448.579,8.67519
12940000,3852.63,449.051,8.5795
12950000,3825.85,447.463,8.5501
12960000,3815.19,445.132,8.57092
12970000,3852.59,450.16,8.55827
12980000,3869.29,454.719,8.50919
12990000,3827.19,445.997,8.5812
13000000,3844.44,446.532,8.60955
13010000,3848.08,447.679,8.59563
13020000,3842.44,447.086,8.59442
13030000,3918.29,455.214,8.60757
13040000,3927.05,451.085,8.70578
13050000,3895.99,446.669,8.72233
13060000,3881.77,452.868,8.57152
13070000,3892.93,452.298,8.60701
13080000,3877.36,452.47,8.56932
13090000,3909.87,449.168,8.70469
13100000,3925.35,455.362,8.62029
13110000,3894.79,452.034,8.61615
13120000,3885.47,446.258,8.70677
13130000,3867.91,449.245,8.6098
13140000,3910.19,451.87,8.65335
13150000,3889.74,449.824,8.64726
13160000,3878.93,447.286,8.67215
13170000,3877.79,450.696,8.60401
13180000,3906.63,455.285,8.58063
13190000,3929.07,449.394,8.74303
13200000,3930.24,452.882,8.67829
13210000,3914.13,449.949,8.69906
13220000,3878.55,451.097,8.59803
13230000,3903.61,452.025,8.63583
13240000,3921.02,458.797,8.54632
13250000,3982.75,457.334,8.70862
13260000,3983.03,457.213,8.71155
13270000,3990.1,450.435,8.85832
13280000,3924.95,456.139,8.60472
13290000,3933.96,450.709,8.72838
13300000,3920.24,456.488,8.58782
13310000,3923.71,450.374,8.71211
13320000,3929.18,455.284,8.63017
13330000,3919.14,454.348,8.62584
13340000,3947.5,457.631,8.62594
13350000,3950.63,449.509,8.78877
13360000,3961.12,456.088,8.685
13370000,4005.09,456.883,8.76612
13380000,3965.1,450.33,8.80489
13390000,3978.42,452.235,8.79723
13400000,3955.78,455.355,8.68725
13410000,3969.88,451.54,8.79187
13420000,3979.08,451.604,8.811
13430000,4011.01,454.085,8.83317
13440000,4019.29,454.354,8.84617
13450000,3993.21,455.555,8.7656
13460000,4000.18,455.647,8.77913
13470000,3968.92,450.82,8.80379
13480000,3982.18,456.68,8.71984
13490000,3967.79,460.77,8.61122
13500000,4075.79,453.123,8.99489
13510000,4010.49,458.241,8.75193
13520000,4016.94,456.368,8.80197
13530000,4039.73,456.422,8.85086
13540000,4029.68,453.145,8.89269
13550000,4030.52,453.144,8.89456
13560000,4050.55,452.212,8.9572
13570000,4015.67,453.096,8.86275
13580000,4044.33,451.86,8.95042
13590000,4023.37,453.277,8.87619
13600000,4087.77,459.221,8.90152
13610000,4088.91,457.605,8.93546
13620000,4097.79,454.148,9.02302
13630000,4050.14,451.595,8.96853
13640000,4010.93,462.843,8.66584
13650000,4037.14,455.119,8.8705
13660000,4021.1,453.336,8.87002
13670000,4044.62,456.103,8.86778
13680000,4102.57,458.354,8.95066
13690000,4167.37,459.085,9.07757
13700000,4144.1,458.463,9.03912
13710000,4048.96,452.57,8.94659
13720000,4048.36,457.608,8.84679
13730000,4048.17,457.918,8.84038
13740000,4084.35,455.677,8.96325
13750000,4119.36,459.531,8.96427
13760000,4107.72,457.142,8.98566
13770000,4162.96,461.657,9.01744
13780000,4109.89,456.939,8.9944
13790000,4096.24,460.181,8.90137
13800000,4128.65,458.432,9.00602
13810000,4129.34,458.569,9.00483
13820000,4128.53,456.729,9.03933
13830000,4118.94,459.702,8.96003
13840000,4107.16,458.021,8.96719
13850000,4114.59,459.716,8.9503
13860000,4124.09,455.972,9.04461
13870000,4145.46,457.999,9.05125
13880000,4175.2,461.158,9.05373
13890000,4145.1,457.393,9.06244
13900000,4101.14,461.434,8.88781
13910000,4122.02,456.657,9.02651
13920000,4139.49,462.188,8.95629
13930000,4177.89,460.987,9.06293
13940000,4199.68,458.232,9.16495
13950000,4158.48,461.229,9.01609
13960000,4124.71,455.153,9.06224
13970000,4151.79,458.027,9.06452
13980000,4120.15,460.847,8.94038
13990000,4133.39,456.673,9.05109
14000000,4185.11,461.665,9.06526
14010000,4154.43,461.574,9.00056
14020000,4143.22,456.869,9.06872
14030000,4174.64,458.709,9.10085
14040000,4177.15,459.615,9.08836
14050000,4170.92,464.005,8.98896
14060000,4168.57,461.919,9.02447
14070000,4176.75,457.944,9.12066
14080000,4198.38,464.043,9.04738
14090000,4263.26,466.235,9.14401
14100000,4248.84,462.911,9.17852
14110000,4224.55,459.501,9.19377
14120000,4233.97,459.784,9.2086
14130000,4195.74,459.239,9.1363
14140000,4227.14,459.446,9.20052
14150000,4218.73,458.807,9.195
14160000,4212.69,457.129,9.21555
14170000,4188.03,458.125,9.14168
14180000,4227.91,461.483,9.16157
14190000,4218.66,460.468,9.16168
14200000,4226.28,462.087,9.14608
14210000,4233.6,464.992,9.10467
14220000,4203.14,462.416,9.08952
14230000,4192.14,460.359,9.10623
14240000,4253.93,467.555,9.09823
14250000,4292.2,460.239,9.32603
14260000,4326.45,461.232,9.38021
14270000,4225.27,462.584,9.13406
14280000,4237.57,461.655,9.17908
14290000,4233.2,460.472,9.19317
14300000,4272.17,466.611,9.15574
14310000,4343.3,465.874,9.32291
14320000,4322.42,464.554,9.30446
14330000,4296.07,461.256,9.31384
14340000,4320.61,465.944,9.27282
14350000,4317.04,464.775,9.28845
14360000,4290.53,462.608,9.27466
14370000,4310.86,464.411,9.28242
14380000,4248.77,461.45,9.20743
14390000,4287.27,459.669,9.32687
14400000,4277.88,464.563,9.20839
14410000,4333.21,461.146,9.39662
14420000,4351.39,461.44,9.43002
14430000,4282.16,464.237,9.22409
14440000,4289.99,464.738,9.231
14450000,4285.2,463.163,9.25203
14460000,4351.98,464.232,9.37458
14470000,4305.66,466.172,9.23621
14480000,4342.24,464.206,9.35413
14490000,4373.12,460.925,9.48771
14500000,4312.93,463.138,9.31241
14510000,4309.51,466.645,9.2351
14520000,4314.1,461.51,9.3478
14530000,4305.13,464.943,9.25948
14540000,4353.29,463.51,9.39201
14550000,4323.58,462.255,9.35324
14560000,4343.75,467.41,9.29324
14570000,4397.19,468.696,9.38176
14580000,4388.31,466.142,9.41411
14590000,4360.67,465.844,9.36079
14600000,4351.39,466.887,9.32
14610000,4386.74,469.105,9.3513
14620000,4371.93,466.349,9.37481
14630000,4369.32,462.602,9.44509
14640000,4400.21,464.906,9.46474
14650000,4385.7,461.843,9.49608
14660000,4403.96,468.831,9.39349
14670000,4386.3,465.161,9.42963
14680000,4367.87,463.663,9.42035
14690000,4389.04,465.296,9.43279
14700000,4427.05,466.715,9.48554
14710000,4409.08,468.689,9.40726
14720000,4442.47,466.783,9.51721
14730000,4469.96,467.054,9.57056
14740000,4382.83,464.624,9.43306
14750000,4375.76,462.881,9.45332
14760000,4388.27,468.035,9.37594
14770000,4438.69,468.845,9.46729
14780000,4423.66,465.456,9.50394
14790000,4416.65,463.928,9.52012
14800000,4387.07,465.09,9.43274
14810000,4428.58,464.006,9.54422
14820000,4389.46,463.686,9.46645
14830000,4432.41,467.783,9.47536
14840000,4410.83,466.826,9.44856
14850000,4458.32,466.606,9.55478
14860000,4433.05,465.875,9.51554
14870000,4502.19,467.174,9.63707
14880000,4495.05,470.831,9.54706
14890000,4461.74,466.49,9.56449
14900000,4451.19,471.434,9.44181
14910000,4481.38,468.589,9.56357
14920000,4538.95,469.519,9.66722
14930000,4466.5,467.067,9.56286
14940000,4422.84,464.886,9.51382
14950000,4504.24,466.735,9.65052
14960000,4459.59,467.245,9.54443
14970000,4473.9,468.594,9.5475
14980000,4469.39,468.58,9.53816
14990000,4469.62,469.252,9.52499
15000000,4441.62,471.546,9.41928
15010000,4506.54,471.27,9.56255
15020000,4529.8,468.273,9.67343
15030000,4570.93,471.374,9.69703
15040000,4489.54,468.065,9.5917
15050000,4481.17,468.524,9.56444
15060000,4476.06,471.179,9.4997
15070000,4547.1,469.991,9.67486
15080000,4495.28,467.721,9.61102
15090000,4480.96,470.795,9.51787
15100000,4511.59,470.401,9.59095
15110000,4505.86,466.638,9.65601
15120000,4524.63,467.41,9.68021
15130000,4530.77,471.141,9.61658
15140000,4507.02,475.741,9.47367
15150000,4513.13,471.547,9.5709
15160000,4514.02,468.89,9.62703
15170000,4587,472.212,9.71385
15180000,4605.46,468.874,9.82239
15190000,4549.89,468.19,9.71804
15200000,4522.01,471.597,9.58872
15210000,4535.66,473.554,9.57791
15220000,4521.32,468.681,9.6469
15230000,4586.86,469.186,9.77621
15240000,4538.07,468.05,9.69569
15250000,4545.81,469.185,9.68875
15260000,4587.11,470.302,9.75354
15270000,4564.96,470.037,9.71191
15280000,4576.41,468.333,9.77171
15290000,4565.58,468.767,9.73954
15300000,4531.66,471.924,9.60251
15310000,4590.59,474.289,9.67889
15320000,4664.71,475.015,9.82012
15330000,4667.93,473.349,9.86151
15340000,4582.1,468.997,9.76999
15350000,4570.11,467.404,9.77764
15360000,4593.81,473.103,9.70995
15370000,4553.76,468.776,9.71415
15380000,4577.38,469.078,9.75824
15390000,4557.94,469.247,9.71331
15400000,4621.94,472.181,9.78848
15410000,4598.72,472.662,9.72941
15420000,4591.27,472.38,9.71944
15430000,4576.78,469.865,9.74063
15440000,4556.06,471.176,9.66956
15450000,4584.01,470.543,9.74196
15460000,4600.4,471.026,9.76675
15470000,4695.22,475.065,9.88332
15480000,4723.38,477.504,9.89182
15490000,4700.37,471.577,9.96735
15500000,4646.12,473.096,9.82066
15510000,4619.54,472.135,9.78436
15520000,4614.57,471.476,9.7875
15530000,4621.16,473.846,9.75245
15540000,4633.77,471.096,9.83615
15550000,4627.59,469.719,9.85183
15560000,4629.6,470.16,9.84686
15570000,4643.98,471.812,9.84286
15580000,4619.33,470.378,9.82047
15590000,4628.94,471.328,9.82105
15600000,4664.8,473.203,9.85792
15610000,4660.98,473.919,9.83498
15620000,4694.4,473.81,9.90777
15630000,4713.08,476.432,9.89246
15640000,4641.85,470.655,9.86254
15650000,4644.21,472.694,9.82497
15660000,4663.02,470.329,9.91439
15670000,4646.84,474.206,9.79921
15680000,4676.29,474.471,9.85581
15690000,4681.99,474.604,9.86505
15700000,4676.95,473.689,9.87346
15710000,4699.87,472.789,9.94072
15720000,4729.37,474.402,9.96911
15730000,4682.38,482.739,9.69962
15740000,4683.3,472.737,9.90678
15750000,4694.85,472.308,9.94023
15760000,4741.77,476.061,9.96043
15770000,4733.99,473.763,9.99231
15780000,4685.2,472.496,9.91585
15790000,4696.57,474.62,9.89543
15800000,4712.79,473.181,9.95981
15810000,4728.82,475.442,9.94616
15820000,4710.02,475.444,9.90658
15830000,4704.53,472.83,9.94973
15840000,4743.18,474.089,10.0048
15850000,4703.15,474.067,9.92086
15860000,4701.93,475.479,9.88883
15870000,4691.87,474.259,9.89305
15880000,4696.72,477.391,9.83831
15890000,4709.07,476.687,9.87875
15900000,4789.47,475.437,10.0738
15910000,4818.48,478.809,10.0635
15920000,4765.24,477.938,9.97042
15930000,4767.2,476.528,10.004
15940000,4756.9,475.718,9.9994
15950000,4747.2,477.147,9.94914
15960000,4767.3,476.048,10.0143
15970000,4776.68,476.189,10.0311
15980000,4744.26,475.914,9.96873
15990000,4748.79,477.889,9.937
16000000,4764.12,475.173,10.0261
16010000,4801.32,477.363,10.058
16020000,4777.01,476.547,10.0242
16030000,4784.4,480.649,9.95405
16040000,4873.2,478.607,10.182
16050000,4841.56,481.249,10.0604
16060000,4908.25,518.263,9.47057
16070000,4831.34,477.637,10.1151
16080000,4819.2,477.747,10.0873
16090000,4825.31,477.061,10.1147
16100000,4843.8,478.581,10.1212
16110000,4834.34,483.99,9.9885
16120000,4932.81,478.614,10.3064
16130000,4849.88,480.244,10.0988
16140000,4851.73,482.201,10.0616
16150000,4836.71,480.847,10.0587
16160000,4842.51,476.668,10.1591
16170000,4888.22,478.646,10.2126
16180000,4848.9,480.915,10.0827
16190000,4890.1,477.105,10.2495
16200000,4894.11,476.703,10.2666
16210000,4824.28,477.05,10.1127
16220000,4892.65,478.282,10.2296
16230000,4855.6,481.025,10.0943
16240000,4853.53,481.583,10.0783
16250000,4855.54,478.216,10.1535
16260000,4862.17,480.858,10.1115
16270000,4838.56,482.042,10.0376
16280000,4857.25,480.731,10.1039
16290000,4888.47,479.353,10.1981
16300000,4863.64,478.315,10.1683
16310000,4921.65,479.551,10.263
16320000,4884.04,483.529,10.1008
16330000,4942.55,481.283,10.2695
16340000,4959.73,482.412,10.2811
16350000,4909.36,479.875,10.2305
16360000,4910.42,480.035,10.2293
16370000,4911.13,478.714,10.259
16380000,4927.39,483.382,10.1936
16390000,4949.55,480.527,10.3003
16400000,4906.33,479.98,10.222
16410000,4927.41,481.727,10.2286
16420000,4894.92,478.739,10.2246
16430000,4915.76,481.384,10.2117
16440000,4934.96,480.804,10.264
16450000,4891.17,480.41,10.1812
16460000,4945.63,483.4,10.2309
16470000,4978.45,482.735,10.313
16480000,4950.07,480.826,10.2949
16490000,4924.71,480.046,10.2588
16500000,4916.67,481.839,10.204
16510000,4908.89,482.489,10.1741
16520000,4898.04,481.224,10.1783
16530000,4930.41,482.741,10.2134
16540000,4953.29,481.147,10.2947
16550000,4914.7,480.762,10.2227
16560000,4963.85,480.096,10.3393
16570000,4925.83,481.614,10.2278
16580000,5034.44,481.02,10.4662
16590000,5052.6,480.05,10.5251
16600000,5011.18,481.858,10.3997
16610000,5030.88,481.845,10.4409
16620000,4959.78,479.938,10.3342
16630000,4971.59,483.282,10.2871
16640000,5019.26,482.995,10.3919
16650000,4968.09,481.657,10.3146
16660000,4969.13,480.785,10.3355
16670000,4988.98,483.957,10.3087
16680000,4994.06,482.472,10.351
16690000,4992.82,486.192,10.2692
16700000,5046.1,484.44,10.4163
16710000,4992.13,482.198,10.3529
16720000,5012.52,485.424,10.3261
16730000,4983.65,482.457,10.3297
16740000,5080.31,485.2,10.4705
16750000,5090.08,483.79,10.5212
16760000,5003.71,483.296,10.3533
16770000,5015.03,484.659,10.3475
16780000,4999.66,825.515,6.05641
16790000,4994.25,824.175,6.05969
16800000,5061.65,830.692,6.09329
16810000,5035.67,827.277,6.08705
16820000,5025.44,823.892,6.09964
16830000,5042.8,833.848,6.04762
16840000,5016.54,846.947,5.92308
16850000,5046.37,824.144,6.12317
16860000,5048.22,836.85,6.0324
16870000,5121.54,829.031,6.17774
16880000,5127.47,828.559,6.18842
16890000,5039.67,836.693,6.02332
16900000,5088.17,827.959,6.14544
16910000,5074.29,832.902,6.0923
16920000,5057.08,831.379,6.08277
16930000,5066.78,828.783,6.11352
16940000,5097.66,831.31,6.13208
16950000,5055.41,828.798,6.09969
16960000,5114.27,830.119,6.16089
16970000,5043.24,830.787,6.07044
16980000,5087.34,832.62,6.11003
16990000,5088.57,842.195,6.04203
17000000,5153.1,840.078,6.13407
17010000,5106.72,826.411,6.1794
17020000,5085.71,833.233,6.10359
17030000,5105.31,839.703,6.0799
17040000,5124.27,828.76,6.18305
17050000,5063.94,833.198,6.07771
17060000,5084.3,832.084,6.11032
17070000,5083.84,832.688,6.10534
17080000,5177.16,838.502,6.1743
17090000,5215.88,832.507,6.26527
17100000,5127.96,829.324,6.18331
17110000,5117.35,836.505,6.11754
17120000,5160.25,836.852,6.16626
17130000,5193.42,840.107,6.18186
17140000,5090.66,837.998,6.07479
17150000,5178.48,834.659,6.2043
17160000,5124.15,840.238,6.09845
17170000,5118.85,831.228,6.15818
17180000,5195.46,844.287,6.15366
17190000,5173.23,837.475,6.17718
17200000,5131.19,840.841,6.10244
17210000,5158.34,843.667,6.11419
17220000,5132.46,842.849,6.08942
17230000,5174.16,843.151,6.1367
17240000,5171.71,839.497,6.16048
17250000,5235.41,831.788,6.29417
17260000,5207.75,832.905,6.25252
17270000,5177.13,831.723,6.22459
17280000,5181.44,836.684,6.19283
17290000,5186.74,839.766,6.17641
17300000,5164.52,840.266,6.14629
17310000,5189.5,841.473,6.16717
17320000,5178.57,835.386,6.19901
17330000,5183.17,832.348,6.22717
17340000,5229.07,830.26,6.29811
17350000,5203.05,837.457,6.21292
17360000,5180.13,846.228,6.12143
17370000,5273.55,831.14,6.34496
17380000,5267.49,842.008,6.25587
17390000,5196.35,832.721,6.24021
17400000,5221.86,830.327,6.28892
17410000,5189.28,834.006,6.22212
17420000,5236.11,839.63,6.23621
17430000,5220.47,833.599,6.26257
17440000,5221.77,840.069,6.21588
17450000,5218.01,844.677,6.17752
17460000,5219.44,833.875,6.25926
17470000,5233.29,838.931,6.23805
17480000,5221.68,839.575,6.21943
17490000,5250.44,839.441,6.25468
17500000,5315.87,835.753,6.36058
17510000,5285.97,840.361,6.29012
17520000,5246.59,831.269,6.31155
17530000,5225.85,842.919,6.19971
17540000,5264.66,833.438,6.3168
17550000,5270.45,842.319,6.25707
17560000,5334.49,845.644,6.30819
17570000,5337.98,848.423,6.29164
17580000,5287.54,838.7,6.30444
17590000,5258.07,838.917,6.26769
17600000,5283.51,843.504,6.26377
17610000,5265.66,832.101,6.32815
17620000,5364.9,835.378,6.42212
17630000,5327,834.377,6.3844
17640000,5277.34,843.438,6.25694
17650000,5361.39,845.749,6.33922
17660000,5315.42,848.263,6.26625
17670000,5293.47,843.625,6.27467
17680000,5293.06,833.656,6.34922
17690000,5315.9,836.567,6.35442
17700000,5344.37,837.112,6.3843
17710000,5320.84,839.461,6.3384
17720000,5316.19,844.356,6.29615
17730000,5318.37,846.082,6.28588
17740000,5390.39,851.898,6.3275
17750000,5355.14,840.352,6.3725
17760000,5312.04,843.969,6.29411
17770000,5366.55,840.362,6.38599
17780000,5343.21,843.152,6.33719
17790000,5367.13,838.336,6.40212
17800000,5339.07,843.193,6.33196
17810000,5320.61,841.494,6.32281
17820000,5336.28,844.091,6.32193
17830000,5331.76,844.202,6.31574
17840000,5373.97,842.847,6.37598
17850000,5380.76,838.418,6.41775
17860000,5409.81,845.144,6.40105
17870000,5437.44,842.644,6.45283
17880000,5404,836.962,6.45669
17890000,5391.98,851.905,6.32932
17900000,5373.57,848.582,6.33241
17910000,5389.92,844.076,6.38558
17920000,5406.36,837.768,6.4533
17930000,5428.81,848.824,6.39568
17940000,5405.98,840.734,6.43007
17950000,5380.57,838.604,6.4161
17960000,5414.64,848.14,6.38414
17970000,5397.38,842.604,6.4056
17980000,5462.53,852.814,6.4053
17990000,5493.2,850.794,6.45656
18000000,5410.13,845.679,6.39738
18010000,5398.35,838.274,6.43984
18020000,5383.8,840.908,6.40236
18030000,5513.55,849.804,6.48802
18040000,5539.88,860.446,6.43838
18050000,5464.98,841.103,6.4974
18060000,5438.4,850.467,6.39461
18070000,5480.66,856.087,6.40199
18080000,5457.96,841.789,6.48377
18090000,5428.32,849.935,6.38675
18100000,5492.53,855.147,6.4229
18110000,5561.37,855.292,6.50231
18120000,5448.89,842.842,6.4649
18130000,5447.71,852.686,6.38888
18140000,5430.54,850.38,6.38601
18150000,5478.37,841.063,6.51363
18160000,5500.06,843.014,6.52428
18170000,5447.95,848.256,6.42253
18180000,5452.94,844.255,6.45888
18190000,5462.94,842.591,6.48351
18200000,5487.83,854.158,6.42484
18210000,5455.54,860.38,6.34085
18220000,5609,848.767,6.60841
18230000,5518.3,844.453,6.53476
18240000,5469.84,850.647,6.43021
18250000,5493.97,850.323,6.46103
18260000,5464.5,839.014,6.513
18270000,5496.93,842.871,6.52167
18280000,5510.91,849.807,6.48489
18290000,5504.59,848.361,6.48849
18300000,5533.17,851.331,6.49944
18310000,5531.04,847.898,6.52324
18320000,5508.74,846.93,6.50436
18330000,5490.19,854.372,6.42599
18340000,5584.47,851.674,6.55706
18350000,5520.26,845.567,6.52846
18360000,5539.71,846.477,6.54443
18370000,5519.86,845.216,6.5307
18380000,5525.55,845.754,6.53328
18390000,5561.04,843.399,6.5936
18400000,5567.63,842.435,6.60897
18410000,5524.72,845.626,6.53329
18420000,5512.12,841.683,6.54892
18430000,5540.72,844.334,6.56224
18440000,5545.33,847.206,6.54543
18450000,5542.86,855.964,6.47557
18460000,5623.17,850.352,6.61276
18470000,5616.68,854.945,6.56963
18480000,5566.43,852.173,6.53204
18490000,5597.55,848.896,6.59392
18500000,5638.5,847.097,6.65626
18510000,5540.34,857.415,6.46168
18520000,5535.99,844.316,6.55678
18530000,5589.44,853.053,6.55228
18540000,5580.29,849.834,6.56633
18550000,5539.98,850.001,6.51761
18560000,5689.39,854.299,6.65972
18570000,5651.32,852.732,6.62732
18580000,5666.29,845.553,6.70128
18590000,5544.86,846.364,6.55139
18600000,5625.3,852.257,6.60047
18610000,5570.49,845.3,6.58995
18620000,5604.81,854.876,6.55628
18630000,5573.45,847.672,6.575
18640000,5626.73,853.875,6.58965
18650000,5597.36,849.745,6.5871
18660000,5650.47,859.329,6.57544
18670000,5596.43,846.985,6.60747
18680000,5580.21,845.156,6.60258
18690000,5661.5,852.07,6.64441
18700000,5679.17,849.379,6.68627
18710000,5616.87,845.882,6.64026
18720000,5629.57,851.468,6.61161
18730000,5647.95,855.809,6.59955
18740000,5679.54,850.464,6.67817
18750000,5632.18,847.478,6.64582
18760000,5626.93,856.783,6.56751
18770000,5648.08,846.307,6.67379
18780000,5682.66,845.281,6.72281
18790000,5684.27,849.537,6.69102
18800000,5683.67,857.168,6.63076
18810000,5743.91,853.375,6.73081
18820000,5757.62,850.705,6.76805
18830000,5694.63,845.417,6.73589
18840000,5637.22,854.216,6.59929
18850000,5661.12,858.353,6.59532
18860000,5651.5,848.668,6.65926
18870000,5665.98,847.789,6.68324
18880000,5660.62,853.793,6.62997
18890000,5683.56,854.051,6.65483
18900000,5675.08,859.033,6.60636
18910000,5740.6,859.074,6.68231
18920000,5770.38,849.846,6.78992
18930000,5803.14,859.97,6.74808
18940000,5793.06,852.901,6.79218
18950000,5756.88,869.268,6.62267
18960000,5740.93,862.434,6.65666
18970000,5710.58,856.232,6.66943
18980000,5716.09,854.773,6.68726
18990000,5776.2,858.199,6.73061
19000000,5810.79,855.535,6.79199
19010000,5731.52,855.547,6.69925
19020000,5761.69,858.794,6.70905
19030000,5837.63,858.21,6.8021
19040000,5863.84,858.719,6.82859
19050000,5768.37,858.405,6.71987
19060000,5710.62,858.89,6.64884
19070000,5749.31,857.579,6.70412
19080000,5779.55,853.699,6.77001
19090000,5826.89,856.406,6.80389
19100000,5755.37,852.817,6.74866
19110000,5718.34,849.438,6.73192
19120000,5713.75,850.697,6.71655
19130000,5770.89,861.653,6.69747
19140000,5764.42,859.56,6.70624
19150000,5824.06,863.979,6.74097
19160000,5834.75,854.706,6.82662
19170000,5779.83,855.98,6.75229
19180000,5758.92,850.884,6.76816
19190000,5753.96,857.281,6.71188
19200000,5784.91,856.465,6.7544
19210000,5806.53,860.339,6.74912
19220000,5794.92,855.062,6.7772
19230000,5754.18,852.543,6.74943
19240000,5798.26,859.206,6.7484
19250000,5811.52,854.749,6.79909
19260000,5845.5,854.888,6.83773
19270000,5831.3,856.032,6.81201
19280000,5815.46,860.326,6.7596
19290000,5811.56,853.626,6.80809
19300000,5820.94,860.369,6.76563
19310000,5819.35,852.831,6.82356
19320000,5815.85,857.371,6.78335
19330000,5854.44,860.538,6.80323
19340000,5830.77,854.507,6.82355
19350000,5813.48,856.284,6.78919
19360000,5834.6,861.508,6.77255
19370000,5914.62,861.923,6.86212
19380000,5985.58,858.445,6.97258
19390000,5850.38,858.059,6.81815
19400000,5844.31,860.538,6.79147
19410000,5842.61,864.67,6.75704
19420000,5908.96,862.658,6.84971
19430000,5869.53,859.531,6.82875
19440000,5839.58,864.409,6.75558
19450000,5834.87,859.831,6.78607
19460000,5873.82,861.578,6.81752
19470000,5912.53,873.732,6.76699
19480000,5881.73,867.375,6.78107
19490000,5937.51,865.426,6.8608
19500000,5914.52,858.795,6.88699
19510000,5926.72,859.684,6.89407
19520000,5858.6,860.673,6.80699
19530000,5872.28,858.377,6.84114
19540000,5890.39,856.511,6.87719
19550000,5974.13,867.968,6.88289
19560000,5934.6,862.539,6.88038
19570000,5955.64,859.68,6.92775
19580000,5917.96,857.918,6.89805
19590000,5929.8,871.312,6.8056
19600000,5993.15,857.276,6.99092
19610000,5908.17,855.148,6.90894
19620000,5891.55,858.141,6.86548
19630000,5902.35,860.68,6.85778
19640000,5951.29,862.827,6.89744
19650000,5938,860.166,6.90332
19660000,5953.37,860.942,6.91495
19670000,5924.32,866.156,6.83979
19680000,5980.16,859.161,6.96047
19690000,5930.55,864.748,6.85812
19700000,5984.99,865.743,6.91313
19710000,6007.64,872.206,6.88787
19720000,5969.08,857.659,6.95973
19730000,5903.52,859.742,6.86662
19740000,5940.9,870.555,6.82427
19750000,5928.48,860.759,6.8875
19760000,5968.64,879.384,6.78729
19770000,5956.72,867.056,6.87005
19780000,5951.03,859.658,6.92255
19790000,6005.2,863.362,6.9556
19800000,6097.65,867.342,7.03027
19810000,6031.54,862.206,6.99547
19820000,6079.08,863.172,7.04272
19830000,6016.03,867.061,6.93841
19840000,6019.99,874.923,6.8806
19850000,6001.61,863.454,6.9507
19860000,5989.18,864.338,6.92921
19870000,5996.74,872.585,6.87238
19880000,5973.55,861.963,6.93017
19890000,6003.3,870.173,6.89898
19900000,6044.46,865.809,6.98128
19910000,6020.69,871.598,6.90764
19920000,6089,874.312,6.96434
19930000,6094.07,869.966,7.00496
19940000,6028.66,866.401,6.95827
19950000,6007.13,863.831,6.95405
19960000,5988.93,862.838,6.94097
19970000,6008.18,868.061,6.92137
19980000,6021.23,868.991,6.92899
19990000,6009.59,858.727,6.99826
20000000,6038.4,862.944,6.99744
20010000,6059.93,862.036,7.02979
20020000,6070.06,862.105,7.04098
20030000,6070.91,864.881,7.01936
20040000,6091.6,865.064,7.04179
20050000,6073.07,861.325,7.05085
20060000,6097.66,864.189,7.05594
20070000,6087.34,877.405,6.93789
20080000,6061.56,874.639,6.93035
20090000,6089.49,868.948,7.00789
20100000,6056.17,871.935,6.94566
20110000,6108,869.467,7.02499
20120000,6103.55,865.923,7.04861
20130000,6079.47,870.099,6.9871
20140000,6143.79,875.078,7.02085
20150000,6199.24,867.068,7.14966
20160000,6146.17,869.695,7.06704
20170000,6127,864.886,7.08417
20180000,6103.87,867.552,7.03574
20190000,6114.43,876.791,6.97365
20200000,6143.25,865.57,7.09735
20210000,6190.74,879.601,7.03812
20220000,6219.87,878.242,7.08218
20230000,6221.17,872.723,7.12847
20240000,6126.47,868.523,7.05389
20250000,6216.29,875.158,7.10304
20260000,6174.95,875.91,7.04976
20270000,6141.24,870.382,7.0558
20280000,6171,876.352,7.04169
20290000,6168.09,865.562,7.12611
20300000,6155.27,874.672,7.03724
20310000,6204.61,864.808,7.17455
20320000,6178,870.012,7.10106
20330000,6156.17,878.425,7.00819
20340000,6203.3,867.786,7.14842
20350000,6170.84,874.234,7.05857
20360000,6271.03,873.802,7.17672
20370000,6231.29,871.255,7.15208
20380000,6223.1,872.934,7.12894
20390000,6239.25,874.164,7.13739
20400000,6190.8,874.374,7.08027
20410000,6202.14,870.454,7.12517
20420000,6250.89,866.936,7.21032
20430000,6253.08,868.201,7.20235
20440000,6216.41,867.587,7.16518
20450000,6208.31,872.799,7.1131
20460000,6353.63,871.513,7.29035
20470000,6301.26,875.626,7.19629
20480000,6263.16,874.072,7.1655
20490000,6262.1,872.264,7.17913
20500000,6312.4,871.11,7.24638
20510000,6312.02,879.451,7.17723
20520000,6254.44,879.126,7.11439
20530000,6246.02,876.276,7.12791
20540000,6287.44,874.383,7.19072
20550000,6323.41,870.115,7.26733
20560000,6253.57,873.376,7.16023
20570000,6370.78,875.083,7.28021
20580000,6350.04,881.049,7.20736
20590000,6347.28,873.507,7.26643
20600000,6311,878.967,7.18002
20610000,6329.87,873.194,7.24909
20620000,6406.45,877.369,7.30189
20630000,6433.15,882.117,7.29286
20640000,6270.31,874.375,7.17119
20650000,6370.08,882.335,7.21956
20660000,6430.6,878.766,7.31776
20670000,6441.97,880.442,7.31675
20680000,6390.69,877.503,7.28282
20690000,6377.46,877.414,7.26847
20700000,6370.51,877.674,7.2584
20710000,6450.51,875.017,7.37187
20720000,6365.36,875.73,7.26863
20730000,6360.54,889.124,7.15372
20740000,6371.49,878.376,7.25372
20750000,6376.12,879.113,7.2529
20760000,6404.96,876.115,7.31063
20770000,6389.72,878.995,7.26935
20780000,6455.86,875.329,7.37535
20790000,6375.3,877.862,7.26231
20800000,6350.58,872.75,7.27652
20810000,6410.21,877.136,7.30812
20820000,6386.68,881.885,7.24207
20830000,6374.73,882.287,7.22524
20840000,6384.97,877.315,7.27786
20850000,6397.88,873.873,7.32129
20860000,6413.91,873.993,7.33863
20870000,6428.25,877.124,7.32878
20880000,6435.96,874.152,7.36251
20890000,6371.21,876.939,7.26529
20900000,6393.69,877.994,7.28215
20910000,6416.24,879.052,7.29905
20920000,6412.15,882.092,7.26925
20930000,6480.98,877.275,7.38763
20940000,6436.96,877.123,7.33872
20950000,6360.66,880.028,7.22779
20960000,6401.44,881.742,7.25999
20970000,6443.98,881.979,7.30627
20980000,6483.25,881.621,7.35379
20990000,6432.82,878.2,7.325
21000000,6360.98,884.048,7.19529
21010000,6416.19,882.946,7.2668
21020000,6572.59,883.409,7.44003
21030000,6502.07,882.479,7.36796
21040000,6459.32,878.644,7.35147
21050000,6435.26,878.824,7.32258
21060000,6418.32,874.222,7.34175
21070000,6410.63,877.326,7.30701
21080000,6469.48,876.688,7.37946
21090000,6543.81,883.723,7.40482
21100000,6421.31,884.013,7.26382
21110000,6486.84,877.55,7.39199
21120000,6454.05,877.299,7.35673
21130000,6464.63,884.46,7.30912
21140000,6451.31,885.634,7.28439
21150000,6435.14,884.654,7.27419
21160000,6454.9,882.522,7.31415
21170000,6459.29,877.063,7.36468
21180000,6476.09,889.517,7.28046
21190000,6554.45,879.246,7.45463
21200000,6476.47,886.029,7.30955
21210000,6484.07,883.293,7.34079
21220000,6496.32,875.833,7.41731
21230000,6455.28,890.399,7.24987
21240000,6493.16,884.806,7.33851
21250000,6455.09,879.802,7.33698
21260000,6610.99,880.951,7.50438
21270000,6467.53,881.64,7.3358
21280000,6560.38,882.449,7.43429
21290000,6558.17,890.784,7.36225
21300000,6516.07,878.497,7.41729
21310000,6533.57,886.35,7.37132
21320000,6528.57,884.585,7.38037
21330000,6477.23,889.72,7.28008
21340000,6501.55,877.914,7.40568
21350000,6509.01,885.492,7.35073
21360000,6554.43,881.998,7.43134
21370000,6527.3,884.505,7.3796
21380000,6541.25,893.398,7.32177
21390000,6620.71,891.002,7.43063
21400000,6524.19,880.079,7.41319
21410000,6615.25,884.701,7.47739
21420000,6627.36,889.781,7.4483
21430000,6600.12,888.492,7.42845
21440000,6514.05,889.782,7.32095
21450000,6514.84,882.405,7.38305
21460000,6540.17,885.527,7.38563
21470000,6606.13,882.201,7.48824
21480000,6569.77,884.624,7.42663
21490000,6642.89,887.211,7.48739
21500000,6613.79,883.687,7.48431
21510000,6575.22,885.299,7.42712
21520000,6541.5,888.007,7.36649
21530000,6576.89,888.572,7.40164
21540000,6642.68,890.379,7.46051
21550000,6579.22,893.318,7.36492
21560000,6615.78,895.543,7.38745
21570000,6556.06,883.948,7.41679
21580000,6571.35,881.736,7.45274
21590000,6713.42,896.082,7.49198
21600000,6597.95,888.999,7.42178
21610000,6563.28,900.135,7.29144
21620000,6549.04,885.837,7.39305
21630000,6574.63,883.089,7.44503
21640000,6593.84,880.562,7.48821
21650000,6598.26,882.4,7.47762
21660000,6630.53,887.251,7.47311
21670000,6626.95,885.258,7.4859
21680000,6569.07,880.155,7.46354
21690000,6712.25,890.52,7.53745
21700000,6739.54,890.477,7.56846
21710000,6616.94,891.664,7.42089
21720000,6625.8,893.436,7.41609
21730000,6635.07,885.067,7.49669
21740000,6663.35,884.614,7.5325
21750000,6619.96,887.396,7.45999
21760000,6691.23,891.31,7.50718
21770000,6674.87,882.595,7.56278
21780000,6652.48,894.485,7.43721
21790000,6748.18,888.618,7.59402
21800000,6779.88,884.755,7.663
21810000,6786.53,884.605,7.67182
21820000,6651.19,892.059,7.456
21830000,6691.97,893.25,7.49171
21840000,6730.2,895.444,7.51604
21850000,6721.37,888.458,7.56521
21860000,6711.41,891.326,7.52969
21870000,6646.07,886.034,7.50092
21880000,6737.32,895.219,7.52589
21890000,6806.89,893.112,7.62154
21900000,6727.2,893.762,7.52684
21910000,6755.44,894.542,7.55184
21920000,6679.13,889.554,7.50841
21930000,6660.93,883.643,7.53803
21940000,6705.18,892.176,7.51553
21950000,6679.05,888.885,7.51396
21960000,6681.45,906.034,7.3744
21970000,6738.27,896.874,7.51306
21980000,6717.14,897.012,7.48835
21990000,6851.47,898.067,7.62913
22000000,6708.49,889.96,7.53796
22010000,6708.78,895.931,7.48805
22020000,6685.22,889.583,7.51501
22030000,6784.62,888.435,7.63659
22040000,6742.45,892.284,7.5564
22050000,6729.53,895.393,7.51573
22060000,6746.12,898.275,7.51009
22070000,6797.88,894.844,7.59673
22080000,6800.78,900.064,7.55588
22090000,6867.27,892.451,7.69484
22100000,6748.51,892.853,7.55837
22110000,6734.84,897.32,7.5055
22120000,6754.52,894.952,7.54736
22130000,6802.42,895.486,7.59634
22140000,6776.71,899.281,7.5357
22150000,6794,901.139,7.53935
22160000,6762.21,895.868,7.54822
22170000,6705.93,889.869,7.53586
22180000,6953.1,899.869,7.7268
22190000,6917.85,901.831,7.67089
22200000,6793.22,898.113,7.56388
22210000,6836.82,900.918,7.58873
22220000,6811.18,893.397,7.62391
22230000,6813.14,890.813,7.64822
22240000,6790.38,893.886,7.59647
22250000,6810.44,900.915,7.55947
22260000,6848.51,894.425,7.65688
22270000,6809.57,890.755,7.64471
22280000,6857.49,897.095,7.6441
22290000,6875.92,896.73,7.66777
22300000,6852.24,890.874,7.69159
22310000,6822.55,899.237,7.58705
22320000,6777.89,900.011,7.5309
22330000,6847.81,896.713,7.63657
22340000,6864.87,889.467,7.71796
22350000,6883.39,898.29,7.66277
22360000,6812.59,895.397,7.60846
22370000,6873.22,896.286,7.66856
22380000,7099.72,895.616,7.92719
22390000,6848.15,902.995,7.58382
22400000,6859.09,894.16,7.67098
22410000,6877.26,892.839,7.70269
22420000,6875.03,896.481,7.6689
22430000,6866,894.055,7.67962
22440000,6869.15,899.247,7.63878
22450000,6916.26,901.97,7.66795
22460000,6886.52,893.196,7.70997
22470000,6906.46,905.83,7.62446
22480000,6949.36,905.946,7.67084
22490000,6905.07,899.037,7.68051
22500000,6905.4,895.58,7.71053
22510000,6868.49,900.696,7.62576
22520000,6944.07,896.693,7.74409
22530000,6848.83,900.277,7.60747
22540000,6865.71,901.402,7.6167
22550000,7018.34,906.534,7.74195
22560000,7010.29,896.109,7.82303
22570000,7024.95,897.591,7.82644
22580000,6947.29,900.641,7.71372
22590000,6961.15,894.724,7.78022
22600000,6908.17,901.335,7.66438
22610000,6929.52,901.699,7.68496
22620000,6932.71,903.132,7.6763
22630000,6934.98,903.185,7.67836
22640000,6944.11,901.698,7.70115
22650000,6907.13,894.901,7.71831
22660000,6898,905.849,7.61496
22670000,7012.87,896.411,7.82327
22680000,6949.15,895.208,7.76261
22690000,6967.47,894.258,7.79134
22700000,7016.52,901.521,7.78297
22710000,6979.95,901.629,7.74149
22720000,6986.97,908.28,7.69253
22730000,7002.72,907.485,7.71662
22740000,7007.43,900.947,7.77785
22750000,6953.82,898.701,7.73764
22760000,7046.19,901.047,7.82
22770000,7018.44,908.523,7.72511
22780000,7038.19,899.535,7.82426
22790000,7007.65,896.561,7.81614
22800000,6959.83,897.148,7.75773
22810000,6985.22,898.016,7.7785
22820000,6988.92,903.182,7.73811
22830000,6987.44,902.801,7.73974
22840000,6991.64,905.607,7.72039
22850000,7052.14,900.935,7.82758
22860000,7071.01,902.215,7.83739
22870000,7012.35,899.541,7.79547
22880000,7020.98,906.005,7.74938
22890000,7000.84,906.558,7.72244
22900000,6993.33,904.742,7.72964
22910000,7090.89,909.257,7.79856
22920000,7120.53,903.018,7.88525
22930000,7135.6,897.404,7.95138
22940000,6995.77,903.911,7.73944
22950000,7086.52,903.985,7.83921
22960000,7083.82,902.988,7.84486
22970000,7027.2,897.319,7.83133
22980000,7015.1,904.829,7.75296
22990000,7076.34,900.019,7.86244
23000000,7107.58,902.926,7.87172
23010000,7018.84,900.892,7.79099
23020000,7057.44,906.765,7.78309
23030000,7117.69,909.774,7.82359
23040000,7067.51,906.269,7.79847
23050000,7161.66,899.218,7.96432
23060000,7125.85,904.864,7.87505
23070000,7087.21,906.294,7.81999
23080000,7079.26,899.4,7.87109
23090000,7076.59,906.32,7.80805
23100000,7068.42,907.224,7.79126
23110000,7054.93,899.134,7.84636
23120000,7045.44,907.227,7.76591
23130000,7134.27,902.168,7.90792
23140000,7277.45,905.352,8.03825
23150000,7117.92,902.528,7.88664
23160000,7134.99,906.225,7.87331
23170000,7151.89,905.154,7.9013
23180000,7164.01,906.787,7.90043
23190000,7135.65,906.951,7.86773
23200000,7132.35,907.819,7.85658
23210000,7131.46,907.25,7.86052
23220000,7123.62,908.884,7.83776
23230000,7166.39,910.903,7.86734
23240000,7228.71,899.464,8.03669
23250000,7102.13,905.274,7.84528
23260000,7166.06,906.016,7.90942
23270000,7290.27,921.174,7.91411
23280000,7237.17,913.881,7.91916
23290000,7219.82,905.544,7.97291
23300000,7157.45,903.159,7.92491
23310000,7187.33,902.643,7.96253
23320000,7167.93,904.407,7.92556
23330000,7213.31,912.095,7.90851
23340000,7160.55,904.527,7.91635
23350000,7118.86,908.749,7.83369
23360000,7146.23,904.809,7.89805
23370000,7184.29,903.857,7.94849
23380000,7228.12,903.946,7.99618
23390000,7150.73,909.634,7.8611
23400000,7166.81,910.671,7.86981
23410000,7146.96,913.276,7.82563
23420000,7294.08,917.058,7.95378
23430000,7179.34,911.512,7.87629
23440000,7365.63,915.386,8.04648
23450000,7272.38,908.842,8.00181
23460000,7219.49,904.28,7.98369
23470000,7180.55,902.256,7.95844
23480000,7169.71,906.894,7.90578
23490000,7205.51,907.418,7.94067
23500000,7210.91,901.109,8.00226
23510000,7271.02,913.187,7.96225
23520000,7252.6,906.787,7.99813
23530000,7259.59,908.116,7.99412
23540000,7199.85,907.353,7.935
23550000,7227.31,909.014,7.95071
23560000,7221.43,916.097,7.88282
23570000,7195.24,912.7,7.88347
23580000,7220.79,912.217,7.91565
23590000,7240.74,913.615,7.92537
23600000,7285.89,907.467,8.02882
23610000,7353.26,912.577,8.05769
23620000,7331.16,910.03,8.05596
23630000,7319.83,913.165,8.01589
23640000,7385.5,915.838,8.0642
23650000,7296.5,915.47,7.97022
23660000,7267.89,904.916,8.03156
23670000,7262.31,909.122,7.98826
23680000,7282.94,913.925,7.96886
23690000,7299.27,915.668,7.97153
23700000,7321.85,913.257,8.0173
23710000,7253.82,910.221,7.96929
23720000,7252.36,912.077,7.95148
23730000,7260.04,913.004,7.95182
23740000,7280.89,908.003,8.01857
23750000,7350.43,911.947,8.06015
23760000,7314.75,908.18,8.05429
23770000,7296.17,910.55,8.01292
23780000,7339.3,910.513,8.06062
23790000,7385.94,916.331,8.06034
23800000,7366.98,912.807,8.07069
23810000,7288.77,917.91,7.94061
23820000,7339.4,914.442,8.0261
23830000,7290.43,909.139,8.01905
23840000,7284.58,909.111,8.01286
23850000,7309.65,910.757,8.02591
23860000,7353.23,910.74,8.07391
23870000,7372.59,921.827,7.9978
23880000,7436.82,912.21,8.15253
23890000,7371.83,911.121,8.09095
23900000,7294.42,910.542,8.01107
23910000,7303.65,907.085,8.05178
23920000,7339.45,911.319,8.05365
23930000,7333.6,910.209,8.05704
23940000,7364.22,910.6,8.08721
23950000,7334.68,914.608,8.01948
23960000,7470.26,912.953,8.18252
23970000,7481.08,916.304,8.16441
23980000,7353.08,907.276,8.10457
23990000,7471.43,915.601,8.16014
24000000,7405.2,912.393,8.11624
24010000,7361.04,918.227,8.01658
24020000,7389.99,914.536,8.08059
24030000,7367.86,907.239,8.12119
24040000,7352.62,909.686,8.0826
24050000,7367.91,917.268,8.03245
24060000,7469.96,916.892,8.14705
24070000,7406.42,917.512,8.07229
24080000,7450.8,916.667,8.12815
24090000,7455.14,911.659,8.17755
24100000,7428.73,917.718,8.09479
24110000,7468.15,915.548,8.15703
24120000,7452.48,917.501,8.12258
24130000,7419.32,914.764,8.11064
24140000,7465.56,932.326,8.00746
24150000,7490.29,931.819,8.03836
24160000,7467.04,920.548,8.11152
24170000,7421.39,915.159,8.1094
24180000,7544.21,909.958,8.29072
24190000,7464.52,919.31,8.1197
24200000,7420.89,921.355,8.05432
24210000,7480.01,913.165,8.1913
24220000,7498.24,912.245,8.21955
24230000,7485.93,919.646,8.14001
24240000,7607.06,920.436,8.26463
24250000,7536.57,917.027,8.21848
24260000,7436.95,917.88,8.10232
24270000,7485.81,916.777,8.16535
24280000,7509.09,913.024,8.22442
24290000,7508.8,912.895,8.22526
24300000,7542.01,918.283,8.21317
24310000,7514.7,919.939,8.1687
24320000,7519.62,927.973,8.10327
24330000,7555.42,931.273,8.113
24340000,7685.64,921.144,8.34358
24350000,7494.11,919.901,8.14665
24360000,7495.15,917.114,8.17254
24370000,7473.09,917.684,8.14343
24380000,7538.27,917.461,8.21645
24390000,7477.06,921.223,8.11644
24400000,7409.94,914.86,8.09953
24410000,7553.87,917.895,8.22956
24420000,7582.09,920.481,8.23709
24430000,7489.95,918.093,8.15816
24440000,7513.2,919.299,8.17275
24450000,7564.98,914.225,8.27475
24460000,7525.67,917.712,8.20047
24470000,7604.48,923.759,8.23211
24480000,7529.57,922.274,8.16414
24490000,7501.01,922.989,8.12687
24500000,7568.22,918.143,8.24296
24510000,7582.49,922.576,8.21882
24520000,7565.68,917.569,8.24536
24530000,7505.29,918.577,8.17056
24540000,7495.17,922.288,8.12671
24550000,7665.98,927.499,8.26522
24560000,7507.88,920.6,8.15542
24570000,7540.99,925.646,8.14673
24580000,7577.84,921.001,8.22783
24590000,7613.15,922.472,8.25299
24600000,7583.33,919.768,8.24483
24610000,7523.77,917.214,8.20285
24620000,7605.95,917.839,8.2868
24630000,7574.61,916.361,8.26596
24640000,7702.46,913.224,8.43436
24650000,7543.04,920.244,8.19678
24660000,7564.35,921.988,8.2044
24670000,7570.21,919.046,8.23703
24680000,7677.23,932.09,8.23657
24690000,7634.84,922.347,8.27762
24700000,7598.02,916.69,8.28854
24710000,7546.2,925.975,8.14946
24720000,7596.47,919.476,8.26174
24730000,7520.68,915.464,8.21515
24740000,7603.74,921.374,8.2526
24750000,7646.22,922.611,8.28759
24760000,7632.6,919.198,8.30355
24770000,7721.54,922.907,8.36655
24780000,7600.57,923.88,8.22679
24790000,7578.01,917.833,8.25642
24800000,7617.76,920.096,8.27931
24810000,7602.46,925.069,8.21827
24820000,7680.52,926.652,8.28846
24830000,7597.24,920.816,8.25055
24840000,7678.12,919.433,8.35093
24850000,7622.3,925.833,8.23291
24860000,7706.81,922.528,8.35401
24870000,7646.77,923.351,8.28154
24880000,7643.91,920.596,8.30322
24890000,7645.74,917.627,8.33208
24900000,7656.15,919.782,8.32388
24910000,7613.36,922.802,8.25026
24920000,7675.74,925.626,8.29248
24930000,7659.77,920.365,8.32253
24940000,7728.3,928.231,8.32583
24950000,7863.79,922.148,8.52769
24960000,7681.43,921.33,8.33732
24970000,7748.6,926.717,8.36134
24980000,7627.29,923.235,8.26148
24990000,7612.12,918.21,8.29017
25000000,7719.58,918.252,8.40682
