10000,1.71018,0.656843,2.60363
20000,3.59416,0.88191,4.07543
30000,5.512,0.934839,5.8962
40000,7.80702,1.52111,5.13245
50000,9.69219,1.55497,6.23306
60000,11.7819,1.61195,7.30913
70000,14.421,2.94399,4.89845
80000,16.5091,2.92587,5.64244
90000,18.4779,2.95806,6.24663
100000,20.7369,3.02601,6.8529
110000,22.428,3.04389,7.36821
120000,25.075,2.83098,8.85734
130000,27.5462,3.11399,8.84595
140000,29.47,5.13506,5.73897
150000,31.744,5.25904,6.03609
160000,34.1601,5.17988,6.59477
170000,37.42,5.24187,7.13868
180000,39.253,5.36418,7.31761
190000,41.003,5.31292,7.7176
200000,43.9508,5.409,8.12549
210000,45.3291,5.39184,8.40699
220000,48.8229,5.57613,8.75569
230000,51.0988,5.55205,9.20359
240000,54.733,5.14603,10.636
250000,55.2511,5.55801,9.9408
260000,57.755,5.56588,10.3766
270000,61.018,9.95994,6.12634
280000,63.139,9.87387,6.39455
290000,64.146,9.85718,6.50755
300000,67.3759,9.87792,6.82086
310000,70.0562,10.0319,6.98332
320000,71.697,10.1471,7.06577
330000,75.165,10.052,7.47765
340000,77.589,10.361,7.4886
350000,79.55,10.0689,7.90057
360000,81.8782,10.17,8.05097
370000,84.244,10.4098,8.09274
380000,86.0341,10.376,8.29166
390000,91.0039,10.617,8.57151
400000,92.1462,10.3478,8.90487
410000,94.8238,10.3841,9.13165
420000,95.3388,10.4711,9.10494
430000,98.887,10.443,9.46924
440000,101.951,10.6659,9.55861
450000,103.196,10.68,9.66257
460000,107.479,10.8051,9.94702
470000,112.451,10.5078,10.7017
480000,111.065,10.932,10.1597
490000,115.539,10.7961,10.7019
500000,117.088,10.849,10.7925
510000,122.578,10.875,11.2715
520000,120.289,10.8531,11.0834
530000,123.359,21.7299,5.67691
540000,126.443,21.7152,5.82279
550000,131.011,22.0549,5.94022
560000,136.922,22.8839,5.98334
570000,136.151,22.593,6.02624
580000,151.155,23.407,6.45769
590000,145.228,22.2211,6.53559
600000,143.341,22.1519,6.47081
610000,142.991,22.3551,6.39636
620000,146.227,22.356,6.54082
630000,148.411,22.3398,6.64334
640000,151.539,22.4838,6.7399
650000,156.307,22.7489,6.87095
660000,156.803,22.6302,6.92892
670000,158.501,22.6109,7.00994
680000,161.455,22.7981,7.08196
690000,166.544,23.4261,7.10935
700000,167.01,22.7959,7.32632
710000,167.717,22.758,7.36958
720000,171.308,22.984,7.45335
730000,176.799,22.8181,7.74819
740000,179.105,22.7709,7.86553
750000,191.909,23.2532,8.25301
760000,184.174,23.5109,7.83354
770000,191.949,23.454,8.18407
780000,206.124,24.4381,8.43451
790000,194.655,25.49,7.63651
800000,197.113,23.3481,8.44236
810000,198.449,23.459,8.45942
820000,200.566,23.679,8.4702
830000,204.379,23.5939,8.66237
840000,203.231,23.747,8.55818
850000,211.226,23.9699,8.81214
860000,212.156,24.111,8.79913
870000,213.699,24.065,8.88006
880000,217.058,24.1849,8.97492
890000,219.217,23.731,9.23758
900000,221.882,24.1048,9.20488
910000,227.234,24.194,9.39216
920000,225.617,24.4081,9.24353
930000,229.861,24.4229,9.41171
940000,229.323,24.3108,9.43296
950000,236.552,24.3571,9.71184
960000,235.999,25.0001,9.43993
970000,238.516,24.914,9.57356
980000,239.838,24.8759,9.64139
990000,244.04,24.4889,9.96532
1000000,248.098,25.207,9.8424
1010000,252.58,24.9391,10.1279
1020000,252.492,24.7011,10.2219
1030000,258.759,24.7042,10.4743
1040000,258.328,25.1131,10.2866
1050000,261.75,44.5089,5.88084
1060000,260.434,44.7311,5.82221
1070000,264.048,45.7041,5.77734
1080000,265.244,44.4741,5.96401
1090000,266.168,45.3691,5.86672
1100000,269.895,44.342,6.08666
1110000,272.332,44.9479,6.05885
1120000,281.096,44.7011,6.28835
1130000,276.589,45.073,6.13647
1140000,280.914,45.2518,6.20779
1150000,281.894,45.1491,6.24362
1160000,285.696,45.3918,6.294
1170000,294.97,45.166,6.53079
1180000,291.508,45.1989,6.44945
1190000,293.912,44.5318,6.60005
1200000,297.785,44.4801,6.69479
1210000,305.118,44.606,6.8403
1220000,303.41,44.559,6.80918
1230000,306.151,44.7099,6.8475
1240000,305.245,44.8461,6.80651
1250000,309.169,45.1941,6.84091
1260000,314.507,44.744,7.02903
1270000,314.679,44.6148,7.05325
1280000,315.668,45.897,6.87775
1290000,326.146,45.119,7.22857
1300000,322.235,45.8279,7.03142
1310000,323.619,45.264,7.14959
1320000,334.601,45.48,7.3571
1330000,330.107,45.3868,7.2732
1340000,335.514,45.3999,7.39019
1350000,336.19,45.8961,7.32503
1360000,340.613,45.826,7.43276
1370000,343.632,45.481,7.55551
1380000,342.549,46.946,7.29665
1390000,348.253,45.8691,7.59232
1400000,352.146,45.6769,7.70949
1410000,351.443,46.1049,7.62268
1420000,369.107,46.0658,8.0126
1430000,357.772,46.169,7.74918
1440000,364.862,46.1829,7.90037
1450000,362.647,46.4191,7.81244
1460000,362.263,46.2611,7.83084
1470000,367.633,46.3841,7.92584
1480000,372.812,46.4611,8.02417
1490000,384.442,47.0779,8.16609
1500000,379.329,47.363,8.00897
1510000,377.476,46.5059,8.11673
1520000,382.964,46.526,8.23119
1530000,388.985,46.4768,8.36944
1540000,388.79,46.829,8.30234
1550000,389.734,48.187,8.08795
1560000,390.309,46.8111,8.33796
1570000,392.577,47.0121,8.35055
1580000,393.953,46.8109,8.41585
1590000,400.62,46.824,8.55587
1600000,428.123,48.804,8.77229
1610000,409.598,47.1249,8.69176
1620000,406.331,47.384,8.57528
1630000,411.567,47.163,8.72648
1640000,411.65,47.138,8.73288
1650000,419.006,47.4441,8.83157
1660000,417.031,47.3111,8.81466
1670000,431.399,47.6329,9.05674
1680000,429.29,47.4689,9.04361
1690000,432.558,47.765,9.05596
1700000,435.108,48.033,9.05852
1710000,439.002,47.786,9.18683
1720000,431.527,47.3571,9.11219
1730000,435.331,48.0361,9.06258
1740000,437.454,47.96,9.12122
1750000,439.683,48.1288,9.13554
1760000,441.136,47.7231,9.24366
1770000,449.869,48.2001,9.33335
1780000,447.692,47.955,9.33566
1790000,451.586,48.1579,9.37719
1800000,458.238,48.439,9.4601
1810000,471.496,48.6212,9.69734
1820000,463.403,48.1429,9.62557
1830000,469.884,48.4381,9.70071
1840000,463.491,48.722,9.51297
1850000,477.206,48.2609,9.88804
1860000,469.247,48.6701,9.64139
1870000,486.069,48.2609,10.0717
1880000,483.117,48.851,9.8896
1890000,488.902,48.476,10.0855
1900000,491.456,48.7821,10.0745
1910000,501.071,48.542,10.3224
1920000,505.301,49.48,10.2122
1930000,498.352,49.4111,10.0858
1940000,506.269,48.8908,10.3551
1950000,510.473,48.888,10.4417
1960000,524.871,49.3031,10.6458
1970000,510.047,49.1681,10.3735
1980000,540.241,49.65,10.881
1990000,521.627,49.8381,10.4664
2000000,524.859,49.6531,10.5705
2010000,514.196,49.3951,10.4099
2020000,514.295,49.567,10.3758
2030000,519.398,53.0901,9.78333
2040000,522.46,49.469,10.5614
2050000,531.337,52.057,10.2068
2060000,533.454,49.4242,10.7934
2070000,537.481,49.876,10.7764
2080000,537.172,50.173,10.7064
2090000,547.289,50.21,10.9
2100000,536.469,90.925,5.90013
2110000,541.887,90.1649,6.00996
2120000,547.218,92.5629,5.91185
2130000,549.237,90.5008,6.06886
2140000,553.224,90.3659,6.12205
2150000,546.006,90.9479,6.0035
2160000,556.39,90.5962,6.14143
2170000,558.786,92.6929,6.02836
2180000,588.218,91.5821,6.42285
2190000,560.048,91.0652,6.14997
2200000,565.086,91.1419,6.20007
2210000,563.557,92.7989,6.07288
2220000,573.487,90.528,6.33491
2230000,577.267,91.224,6.32802
2240000,583.75,91.037,6.41223
2250000,584.846,93.1382,6.27933
2260000,590.449,91.234,6.47181
2270000,584.87,91.871,6.36621
2280000,586.508,92.3159,6.35327
2290000,587.202,94.785,6.1951
2300000,594.643,91.68,6.48607
2310000,593.657,91.4149,6.49409
2320000,601.271,92.1371,6.52583
2330000,609.767,91.9259,6.63325
2340000,608.114,92.073,6.6047
2350000,606.194,91.9251,6.59443
2360000,611.466,93.3731,6.54863
2370000,623.375,102.141,6.10309
2380000,619.977,96.3519,6.43451
2390000,622.447,95.4678,6.51997
2400000,624.768,96.617,6.46644
2410000,626.662,96.6339,6.48491
2420000,634.765,96.0579,6.60815
2430000,625.939,95.2041,6.5747
2440000,629.378,94.507,6.65959
2450000,652.265,96.3399,6.77045
2460000,642.073,95.2702,6.7395
2470000,640.992,95.593,6.70543
2480000,645.621,96.1881,6.71207
2490000,657.755,95.5751,6.88208
2500000,658.222,95.983,6.85769
2510000,658.31,98.186,6.70472
2520000,659.419,96.0391,6.86616
2530000,671.771,95.0041,7.07097
2540000,660.876,94.835,6.96869
2550000,665.005,96.154,6.91604
2560000,672.27,96.35,6.97738
2570000,672.713,95.5331,7.04167
2580000,677.588,95.6528,7.08383
2590000,682.359,96.7391,7.0536
2600000,678.491,96.339,7.04274
2610000,683.674,95.459,7.16197
2620000,687.234,98.671,6.96491
2630000,702.37,96.081,7.31018
2640000,699.339,98.29,7.11506
2650000,704.274,95.933,7.34131
2660000,706.354,96.0889,7.35105
2670000,706.452,94.408,7.48296
2680000,709.674,95.6991,7.41568
2690000,709.556,94.6481,7.49678
2700000,739.857,95.5431,7.74369
2710000,719.548,95.0119,7.57324
2720000,726.05,94.8422,7.65535
2730000,727.406,94.763,7.67605
2740000,719.958,94.8081,7.59385
2750000,724.78,95.104,7.62092
2760000,729.099,94.96,7.67796
2770000,734.285,98.582,7.44847
2780000,727.132,95.1421,7.64259
2790000,734.49,95.1869,7.71629
2800000,731.061,95.3159,7.66987
2810000,736.195,95.124,7.73932
2820000,740.816,96.379,7.68649
2830000,742.361,95.4242,7.77959
2840000,760.603,98.8321,7.69591
2850000,746.98,95.891,7.78989
2860000,752.003,95.118,7.906
2870000,770.373,95.263,8.0868
2880000,751.866,96.473,7.79354
2890000,752.898,98.011,7.68177
2900000,760.402,95.607,7.95341
2910000,761.991,95.5889,7.97154
2920000,757.393,95.65,7.91838
2930000,767.795,95.937,8.00312
2940000,775.943,96.0159,8.0814
2950000,769.231,96.6058,7.96258
2960000,800.948,96.4699,8.30257
2970000,801.204,97.1432,8.24766
2980000,781.667,96.3011,8.11691
2990000,788.527,97.028,8.1268
3000000,795.731,96.8759,8.21392
3010000,786.817,97.3208,8.08478
3020000,794.326,96.2441,8.25324
3030000,794.786,96.9269,8.19985
3040000,798.511,97.285,8.20795
3050000,820.97,97.9922,8.37791
3060000,805.435,96.6492,8.33359
3070000,818.086,97.7912,8.36564
3080000,812.674,98.0299,8.29007
3090000,818.518,97.9679,8.35496
3100000,818.474,96.915,8.44528
3110000,845.392,97.7468,8.64879
3120000,837.266,97.796,8.56136
3130000,858.517,98.6769,8.70028
3140000,839.291,98.5479,8.51657
3150000,851.56,97.5671,8.72794
3160000,853.095,98.4161,8.66825
3170000,830.568,97.6322,8.50711
3180000,839.957,97.9309,8.57704
3190000,851.908,97.3179,8.75386
3200000,849.713,98.155,8.65685
3210000,851.15,97.945,8.69008
3220000,849.935,98.4352,8.63447
3230000,857.267,97.7871,8.76666
3240000,862.629,97.492,8.84821
3250000,865.513,98.367,8.79882
3260000,864.64,98.1669,8.80785
3270000,861.35,98.686,8.72819
3280000,863.825,97.9688,8.81734
3290000,872.011,98.521,8.85102
3300000,882.46,98.3481,8.97282
3310000,877.814,97.908,8.9657
3320000,878.555,98.707,8.90064
3330000,880.898,98.5,8.94313
3340000,879.762,98.588,8.92362
3350000,886.562,101.759,8.71237
3360000,898.501,102.256,8.78677
3370000,899.788,101.826,8.83653
3380000,902.006,103.644,8.70294
3390000,931.036,103.692,8.97886
3400000,901.67,102.426,8.80315
3410000,909.935,103.288,8.80967
3420000,908.336,102.453,8.86588
3430000,926.338,101.65,9.11301
3440000,917.518,102.832,8.92251
3450000,918.603,102.889,8.92809
3460000,945.07,102.442,9.22541
3470000,935.507,103.298,9.0564
3480000,924.148,102.31,9.03283
3490000,933.352,102.199,9.13269
3500000,936.502,101.91,9.18949
3510000,952.445,103.73,9.18197
3520000,938.264,102.085,9.191
3530000,941.335,100.918,9.32772
3540000,948.439,102.02,9.2966
3550000,947.854,101.751,9.31544
3560000,973.323,100.902,9.64621
3570000,975.321,102.243,9.53925
3580000,971.175,100.839,9.63096
3590000,968.388,100.327,9.65232
3600000,979.545,100.855,9.7124
3610000,967.624,99.879,9.68796
3620000,972.11,100.288,9.69319
3630000,965.199,99.36,9.71416
3640000,976.842,100.409,9.72863
3650000,973.505,100.066,9.72863
3660000,975.011,101.065,9.64737
3670000,976.668,100.603,9.70815
3680000,980.525,101.816,9.63037
3690000,1010.51,101.399,9.96569
3700000,993.217,100.807,9.85266
3710000,984.354,100.596,9.78523
3720000,1013.2,100.449,10.0867
3730000,994.848,100.766,9.87286
3740000,991.481,101.798,9.73968
3750000,1000.57,101.478,9.85993
3760000,1009.42,100.818,10.0123
3770000,1008.71,100.962,9.99093
3780000,1003.7,100.764,9.96088
3790000,1020.71,100.404,10.166
3800000,1019.91,101.408,10.0575
3810000,1018.83,100.92,10.0954
3820000,1027.84,101.409,10.1356
3830000,1056.73,101.314,10.4302
3840000,1033.74,101.911,10.1436
3850000,1027.71,101.794,10.096
3860000,1033.05,101.76,10.1518
3870000,1034.71,102.043,10.1399
3880000,1045.78,101.794,10.2735
3890000,1044.57,102.511,10.1898
3900000,1043.39,102.489,10.1805
3910000,1048.16,102.004,10.2757
3920000,1070.87,102.569,10.4405
3930000,1082.76,105.54,10.2593
3940000,1075.48,102.727,10.4693
3950000,1075.74,102.203,10.5255
3960000,1081.22,104.492,10.3474
3970000,1073.37,105.079,10.2149
3980000,1071.56,102.86,10.4177
3990000,1076.58,102.913,10.4611
4000000,1072.52,102.574,10.4561
4010000,1088.21,104.877,10.3761
4020000,1074.21,102.503,10.4798
4030000,1081.99,103.302,10.4741
4040000,1091.03,103.007,10.5918
4050000,1086.33,103.41,10.505
4060000,1092.23,103.926,10.5097
4070000,1089.04,102.849,10.5888
4080000,1129.43,104.212,10.8378
4090000,1104.1,103.468,10.6709
4100000,1112.48,104.229,10.6734
4110000,1123.34,103.35,10.8693
4120000,1109.61,103.411,10.7301
4130000,1106.88,103.528,10.6916
4140000,1111.43,103.862,10.701
